216321,218665
216321,216321
215022,215022
215022,215677
215022,216550
215022,217008
214163,214163
213631,213631
213631,213631
213461,213461
212853,212853
212853,212853
212853,215832
212853,213212
212853,227404
212853,212853
212853,214426
212853,212853
212639,212639
212639,213886
211515,211515
211515,211658
211515,214537
211515,212652
211515,211515
211515,215259
210896,210896
210896,211545
210896,219411
210896,214813
210334,210334
209682,209682
209682,212869
209682,212670
209682,214026
209682,211130
209682,214257
209682,212677
209682,209682
209682,209682
209682,212322
209682,210422
209682,209682
209682,212656
209682,211327
209682,211318
209682,216049
209682,211567
209682,209814
209682,223570
209349,209349
209349,212691
209349,213904
209349,209349
209311,209311
209311,210472
209311,209396
209311,210116
209311,211315
209035,209035
209035,211584
209035,209722
209035,209035
209035,209035
209035,209035
209035,209072
209035,211475
209035,212293
209035,209035
209035,209035
209035,215003
209035,211257
209035,211316
209035,211752
209035,209035
209035,211882
209035,211042
209035,211724
209035,209480
209035,209060
208385,208385
208385,210174
208385,211244
208385,212348
208385,211414
208385,208385
208385,214826
208385,220190
208303,208303
208303,208303
208303,208597
208042,208042
208042,210132
208042,211959
208042,208584
208042,210243
208042,208952
208026,208026
208026,209032
208026,209481
208026,212460
208026,210732
208026,208884
208026,208179
208026,212655
208026,210642
208026,210026
208026,211720
208026,208026
208026,208271
208026,209877
208026,209507
208026,210410
208026,210831
208026,210213
208026,209592
208026,209752
207989,207989
207989,208145
207989,210202
207989,207989
207989,209866
207989,210450
207989,213844
207989,208289
207989,212998
207989,209758
207989,210725
207989,211488
207989,212958
207989,208515
207989,210402
207989,213452
207989,209836
207989,210744
207989,210244
207989,214359
207989,211799
207989,209550
207989,208327
207989,211102
207989,210342
207989,209183
207989,211752
207989,211606
207989,209245
207989,208145
207989,208500
207989,207989
207989,209786
207989,208874
207989,209054
207989,212321
207989,213513
207989,207989
207989,211293
207989,209226
207989,209409
207989,208167
207989,215119
207989,213178
207929,207929
207929,212128
207929,210506
207929,213567
207929,207929
207929,208664
207929,208964
207929,207929
207929,208269
207929,208458
207929,210418
207929,208163
207929,207929
207929,209810
207929,209127
207929,208110
207929,208681
207929,209496
207929,207929
207929,209382
207929,215022
207929,207947
207929,212182
207929,210240
207929,208246
207929,208434
207929,209153
207929,208130
207929,211420
207929,209837
207832,207832
207832,208729
207832,209473
207832,211930
207832,208351
207832,211107
207832,208042
207832,211669
207832,209266
207832,215321
207832,210870
207832,208868
207832,208452
207832,215023
207832,212510
207832,215518
207832,218919
207832,209307
207832,210668
207832,208276
207832,209961
207832,208639
207832,207832
207832,212167
207832,217000
207753,207753
207753,210592
207753,213799
207753,207753
207753,210607
207753,209411
207753,210358
207753,210186
207753,207753
207753,213048
207753,210957
207753,208570
207753,212257
207753,208165
207753,215407
207753,214333
207753,207753
207753,209402
207753,208611
207753,211726
207753,210186
207753,209075
207753,209092
207753,207753
207753,213715
207753,208425
207753,218007
207753,212958
207753,213880
207753,218893
207753,211300
207753,208644
207753,212711
207753,207788
207753,208532
207753,214461
207753,211772
207753,212349
207753,207753
207753,208391
207753,207753
207753,209113
207753,207856
207753,208765
207753,207753
207753,211586
207753,207753
207753,208548
207753,207753
207753,210838
207753,210414
207753,213706
207753,207753
207753,207753
207753,208300
207753,207753
207753,214862
207753,209711
207753,209551
207466,207466
207466,209503
207466,207794
207466,209751
207466,207466
207466,209455
207466,207785
207466,207949
207466,213257
207387,207387
207387,209284
207387,209265
207387,213866
207387,207387
207387,209311
207387,210473
207387,207387
207328,207328
207328,207328
207328,210268
207328,208048
207328,210649
207328,214050
207328,213864
207328,216494
207328,210590
207328,211632
207328,214604
207328,211159
207328,207328
207328,208353
207328,208382
207328,207328
207130,207130
207130,207813
207130,210903
207130,208340
207130,208613
207130,207130
207130,210306
207130,207130
207130,214774
207130,208278
207130,207130
207130,208982
207130,214539
207130,207406
207130,209085
207130,207951
207130,207763
207130,208832
207130,210560
207130,211514
207130,207130
207130,207233
207130,209060
207130,208260
207130,214023
207130,210790
207130,211158
206397,206397
206397,207175
206397,209188
206397,207836
206397,206698
206397,209169
206397,206397
206397,207710
206397,207139
206397,206621
206397,208665
206397,206397
206397,210637
206397,207514
206397,210537
206397,208015
206397,207171
206397,206397
206397,218961
206397,207544
206397,209719
206397,208873
206397,209611
206397,210072
206397,206397
206397,210548
206397,208792
206397,209072
206397,208235
206397,209076
206397,206397
206397,213296
206397,208346
206397,214903
206397,206397
206397,211448
206397,209863
206397,212646
206397,210797
206397,206397
206397,210556
206397,208986
206397,210767
206397,213612
206397,206397
206397,206673
206397,208125
206397,211906
206397,206397
206397,209693
206397,212209
206397,209004
206397,211993
206397,213611
206397,208612
206397,206899
206397,206397
206397,208658
206397,213552
206397,209990
206397,206397
206397,206397
206397,206397
206397,207362
206397,211104
206397,207175
206397,212232
206397,209114
206397,207608
206397,211931
206397,210039
206397,211939
206397,210835
206397,206397
206397,209921
206397,210870
206397,211573
206397,211260
206397,208564
206397,206397
206397,212209
206397,206397
206397,206397
206397,206899
206397,209737
206397,209393
206397,210076
206397,208454
206397,210107
206397,206438
206397,208731
206397,210786
206397,206397
206397,206397
206397,206397
206397,207314
206267,206267
206267,206466
206267,208771
206267,210505
206267,206267
206267,208018
206267,207831
206267,210062
206267,210476
206267,212401
206267,213952
206267,206568
206267,211120
206267,209211
206267,207366
206267,212842
206267,208051
206267,206321
206267,208592
206267,210368
206267,208978
206267,213812
205872,205872
205872,205872
205872,212243
205872,216186
205872,211355
205872,206356
205872,206553
205872,205872
205872,208370
205872,211895
205872,207596
205872,209540
205872,206334
205872,207692
205872,206849
205872,206184
205872,211619
205872,205872
205872,207405
205872,211682
205872,210759
205872,205874
205872,207440
205872,215291
205872,209514
205872,209511
205449,205449
205449,208253
205449,206666
205449,205449
205449,207347
205449,207746
205449,205494
205449,209145
205449,209309
205449,207929
205449,206740
205449,206139
205449,207841
205449,208228
205449,210739
205449,205449
205449,207125
205449,205804
205449,205449
205449,205574
205449,205449
205449,209848
205449,207157
205449,206182
205449,205449
205449,206836
205449,205449
205449,206175
205449,212966
205449,205769
205449,205449
205449,205449
205449,206064
205449,214692
205449,205449
205449,209522
205449,205449
205372,205372
205372,209408
205372,206300
205372,213949
205372,206971
205372,207974
205372,206051
205372,208832
205372,209509
205372,209464
205372,210296
205372,207850
205007,205007
205007,206054
205007,205313
205007,213341
205007,205322
205007,210009
205007,209402
205007,207565
205007,205392
205007,207068
205007,205104
204849,204849
204849,209211
204849,205755
204849,209675
204849,207110
204849,207973
204849,207550
204849,211425
204849,209432
204849,206258
204849,214402
204849,205982
204849,204849
204849,205825
204849,204849
204849,208220
204849,204849
204849,207929
204849,206423
204849,206761
204849,206260
204849,207040
204849,206327
204849,206089
204849,204849
204849,207787
204849,206169
204849,207121
204849,206615
204849,207780
204849,204849
204849,208511
204849,204849
204849,208954
204849,205743
204849,215129
204849,208003
204849,205601
204849,206152
204849,208796
204849,206625
204849,204849
204849,207064
204849,207426
204849,207130
204849,209872
204849,205086
204849,205506
204849,208728
204849,209537
204849,205858
204849,204849
204849,206021
204849,204849
204849,210417
204849,210480
204849,206900
204849,204849
204849,205444
204849,206975
204849,204849
204849,207856
204849,204849
204849,204849
204849,207838
204849,204849
204849,205300
204849,206451
204849,207645
204849,210003
204849,207948
204849,206771
204849,207116
204849,205847
204849,207268
204849,205786
204849,204849
204849,205779
204849,209612
204849,210058
204849,206710
204849,209847
204849,208939
204849,207722
204849,212736
204849,209023
204849,210792
204849,207831
204849,204849
204849,206212
204849,206961
204849,208871
204849,208880
204849,205907
204849,207634
204849,205954
204849,207604
204849,209674
204849,208323
204849,212318
204849,204849
204849,208317
204849,204849
204849,208913
204849,205755
204849,206384
204849,207496
204849,204849
204849,206389
204849,210697
204849,205930
204849,204849
204849,204849
204849,204849
204849,215216
204849,209732
204849,208606
204849,205553
204849,204849
204849,205364
204849,208089
204849,209448
204849,208677
204849,207369
204849,210004
204849,208496
204849,204849
204849,206838
204849,206211
204849,220794
204849,207678
204849,209062
204849,209284
204849,205344
204849,208161
204849,205137
204849,206052
204849,206832
204849,205275
204849,209868
204849,208948
204849,205803
204849,211653
204849,215842
204849,207488
204849,207106
204849,204849
204849,206070
204849,215280
204849,204849
204849,206163
204849,207570
204849,207373
204849,205624
204849,205782
204849,205038
204849,209843
204849,205729
204849,209077
204849,204849
204849,206365
204849,208584
204849,207317
204849,208354
204849,204849
204849,206182
204849,204849
204849,204849
204849,204849
204849,208613
204849,207005
204849,207782
204849,211560
204849,210897
204849,211191
204849,209170
204849,207343
204849,208197
204849,210940
204849,208640
204849,204849
204849,204970
204849,204849
204849,206757
204849,204971
204849,204849
204849,204849
204849,206618
204849,205782
204849,209717
204849,217423
204849,204849
204849,210767
204849,204849
204849,208349
204849,206493
204849,204849
204849,206330
204849,205719
204849,208335
204849,206216
204849,206114
204849,206742
204849,209189
204849,207824
204849,205175
204849,204849
204849,213048
204849,206516
204849,209809
204849,208672
204849,207852
204849,211011
204849,207069
204849,206129
204849,206840
204849,204849
204849,205858
204849,204849
204849,206231
204849,206929
204849,204849
204849,208570
204849,207172
204849,206141
204849,204849
204849,204849
204849,206159
204849,210518
204849,206905
204849,204849
204849,207142
204849,208133
204849,209055
204849,205846
204849,208538
204849,209638
204849,206308
204849,206860
204849,204970
204849,210219
204849,206849
204849,206732
204849,206670
204849,205364
204849,206635
204849,213972
204849,206343
204849,208866
204849,207210
204849,207183
204849,204849
204849,204849
204849,204849
204849,207210
204849,210477
204849,205983
204849,210911
204849,208160
204849,208749
204849,204849
204849,205914
204849,208907
204849,206911
204849,206658
204849,208464
204849,205695
204849,210282
204849,208054
204849,208633
204849,205913
204849,206030
204849,210416
204849,205033
204849,208583
204849,204849
204849,207360
204849,204849
204849,205677
204849,204849
204849,209293
204849,214268
204849,208141
204849,204849
204849,204849
204849,207193
204849,204970
204849,205978
204849,206136
204849,207054
204849,205158
204849,204849
204849,205721
204849,205380
204849,207426
204849,211787
204849,206910
204849,205502
204849,208345
204849,205913
204849,204970
204849,209907
204849,204849
204849,207810
204849,207496
204849,205359
204849,210186
204849,204849
204849,205319
204849,204849
204849,215755
204849,208865
204849,208947
204849,210409
204849,207666
204849,210922
204849,208619
204849,204849
204849,205695
204849,204849
204849,204849
204849,210475
204849,210633
204849,206629
204849,205353
204849,206008
204849,206991
204849,206431
204849,208336
204849,208592
204849,205304
204849,204849
204849,206906
204849,204849
204849,208768
204849,210729
204849,209826
204849,210001
204849,204849
204849,205128
204849,204849
204849,215693
204849,204849
204849,210825
204849,206108
204849,208822
204849,206756
204849,204849
204849,208429
204849,207068
204849,213172
204849,208836
204849,206521
204849,214862
204849,206943
204849,205451
204849,204849
204849,205894
204849,207649
204849,209493
204849,207680
204849,204849
204849,207981
204849,206212
204849,206849
204849,204849
204849,205681
204849,204849
204849,210324
204849,204849
204849,204849
204849,208962
204849,210295
204849,205196
204849,204849
204849,207888
204849,204849
204849,204849
204849,207574
204849,206061
204849,210170
204849,207632
204849,207380
204849,210769
204849,206445
204849,204849
204849,206702
204849,207259
204849,204849
204849,205962
204849,212695
204849,205640
204849,205125
204849,204849
204849,206637
204849,205557
204849,206929
204849,205984
204849,209243
204849,211418
204849,213057
204849,209232
204849,209012
204849,208085
204849,205911
204849,206831
204849,215042
204849,209161
204849,208344
204849,214770
204849,205759
204849,211307
204849,207985
204849,211139
204849,204849
204849,208988
204849,208132
204849,208134
204849,205759
204849,206942
204849,208716
204849,205442
204849,206039
204849,210592
204849,209862
204849,212671
204849,211459
204849,204849
204849,208634
204849,206888
204849,207841
204849,206067
204849,208194
204849,207264
204849,205252
204849,205950
204849,206632
204849,210897
204849,206331
204849,207974
204849,204849
204849,205279
204849,211294
204849,206238
204849,212222
204849,204849
204849,206800
204849,210467
204849,208257
204849,206250
204849,211303
204849,210180
204849,204849
204849,210458
204849,207248
204849,206481
204849,207575
204849,206348
204849,209319
204849,211296
204849,208503
搜索完成！最优路线总长度 = 204849, 用时12395秒