34307.5,34307.5
34307.5,34307.5
34307.5,34307.5
34307.5,35118.9
34307.5,34307.5
34307.5,34928
34307.5,34779.1
34307.5,34545.6
34307.5,34307.5
34307.5,34545.6
34307.5,34366.8
34307.5,34615.5
34307.5,34355.2
34307.5,34355.2
34307.5,34638.2
34307.5,34307.5
34307.5,34307.5
34307.5,34307.5
34307.5,34307.5
34307.5,34856.1
34307.5,34775.3
33784,33784
33784,34570.7
33784,34613.7
33784,34936.7
33784,33784
33772.1,33772.1
33772.1,33772.1
33772.1,36436.1
33772.1,34626.9
33772.1,35038.6
33772.1,36105.3
33772.1,33772.1
33772.1,33831.7
33772.1,33772.1
33555.3,33555.3
33555.3,34618.1
33555.3,34243.4
33523.7,33523.7
33523.7,33555.3
33523.7,33523.7
33523.7,35569
33523.7,34470.8
33523.7,33523.7
33523.7,33523.7
33523.7,34602.2
33523.7,34066.3
33523.7,34204.9
33523.7,34758.7
33523.7,33555.3
33523.7,33555.3
33523.7,33523.7
33523.7,34270.7
33523.7,34343.4
33523.7,34809.8
33523.7,34204.9
33523.7,34168.5
33523.7,33791.1
33523.7,34606.4
33523.7,35200
33523.7,34931.9
33523.7,34114.5
33523.7,33523.7
33523.7,33523.7
33523.7,33555.3
33523.7,33607.7
33523.7,33791.1
33523.7,33555.3
33523.7,35124.1
33523.7,35014.6
33523.7,33523.7
33523.7,35153.9
33523.7,33883.6
33523.7,33523.7
33523.7,34840.7
33523.7,33555.3
33523.7,33523.7
33523.7,33523.7
33523.7,33523.7
33523.7,33523.7
33523.7,34082.9
33523.7,33523.7
33523.7,33523.7
33523.7,34538.1
33523.7,33871.4
33523.7,33871.4
33523.7,33523.7
33523.7,33523.7
33523.7,34385.9
33523.7,34711.2
33523.7,34802.8
33523.7,34360
33523.7,34377.5
33523.7,34170.4
33523.7,33523.7
33523.7,36225.2
33523.7,33748.2
33523.7,33607.7
33523.7,34114.9
33523.7,33715.3
33523.7,34938.9
33523.7,34132.3
33523.7,33659.4
33523.7,33607.7
33523.7,34345.1
33523.7,34098.2
33523.7,34099.7
33523.7,34418.7
33523.7,34928.3
33523.7,35390.7
33523.7,35763.9
33523.7,33979.4
33523.7,33523.7
33523.7,34532
33523.7,33523.7
33523.7,33523.7
33523.7,34794.6
33523.7,34345.1
33523.7,34114.9
33523.7,34296.6
33523.7,34548.3
33523.7,33523.7
33523.7,34089
33523.7,34089
33523.7,34470.8
33523.7,35379.9
33523.7,33627.8
33523.7,33627.8
33523.7,36785.9
33523.7,34912.6
33523.7,33523.7
33523.7,33523.7
33523.7,33523.7
33523.7,33627.8
33523.7,33753.4
33523.7,34951.1
33523.7,33555.3
33523.7,34246.3
33523.7,34788.9
33523.7,35366.8
33523.7,35061.2
33523.7,35095.7
33523.7,34781
33523.7,34538.1
33523.7,33523.7
33523.7,34477.9
33523.7,33523.7
33523.7,34509
33523.7,34114.9
33523.7,34309
33523.7,33523.7
33523.7,33523.7
33523.7,33523.7
33523.7,34372.5
33523.7,34382.7
33523.7,33523.7
33523.7,34089
33523.7,34513
33523.7,33627.8
33523.7,34290.1
33523.7,34098.2
33523.7,33715.3
33523.7,33523.7
33523.7,33627.8
33523.7,34472.3
33523.7,34526.9
33523.7,34243.4
33523.7,35054.8
33523.7,35226.9
33523.7,33523.7
33523.7,34802.8
33523.7,34729.6
33523.7,34210.5
33523.7,34064.8
33523.7,35386.3
33523.7,34568.5
33523.7,33772.1
33523.7,34988.5
33523.7,34814
33523.7,35057.4
33523.7,35748.5
33523.7,33523.7
33523.7,33627.8
33523.7,33523.7
33523.7,34243.4
33523.7,33523.7
33523.7,33555.3
33523.7,34243.4
33523.7,34959.6
33523.7,34082.9
33523.7,34318.5
33523.7,33523.7
33523.7,33523.7
33523.7,34781
33523.7,33875.8
33523.7,33523.7
33523.7,34022.1
33523.7,35316.8
33523.7,33600.6
33523.7,33984.9
33523.7,33555.3
33523.7,34082.9
33523.7,33627.8
33523.7,34545
33523.7,35306.6
33523.7,34606.4
33523.7,33523.7
33523.7,33555.3
33523.7,34454.7
33523.7,34579.7
33523.7,34114.9
33523.7,34496.6
33523.7,34752.5
33523.7,33523.7
33523.7,35366.7
33523.7,34461.6
33523.7,35901.5
33523.7,35366.7
33523.7,33523.7
33523.7,35160.2
33523.7,35591.4
33523.7,34243.4
33523.7,33607.7
33523.7,36042.5
33523.7,34477.6
33523.7,34812.9
33523.7,33523.7
33523.7,34802.8
33523.7,34066.9
33523.7,34054.5
33523.7,34056.5
33523.7,35272.8
33523.7,33523.7
33523.7,34211.3
33523.7,33555.3
33523.7,34526.9
33523.7,35696.1
33523.7,35120.9
33523.7,34246.8
33523.7,34063.3
33523.7,34831.5
33523.7,34132.3
33523.7,33555.3
33523.7,34806
33523.7,34020.9
33523.7,34928.3
33523.7,35142.4
33523.7,34470.8
33523.7,34066.9
33523.7,34082.3
33523.7,34928.3
33523.7,34066.9
33523.7,33772.1
33523.7,34470.8
33523.7,34767.6
33523.7,33523.7
33523.7,34606.4
33523.7,33555.3
33523.7,33523.7
33523.7,34774.1
33523.7,34204.5
33523.7,33753.4
33523.7,34243.4
33523.7,33523.7
33523.7,34775.2
33523.7,34608.6
33523.7,34526.9
33523.7,33523.7
33523.7,33523.7
33523.7,34114.9
33523.7,33871.4
33523.7,34983
33523.7,34523.4
33523.7,34892.2
33523.7,35157.1
33523.7,34082.9
33523.7,33523.7
33523.7,36007.8
33523.7,34270.7
33523.7,33523.7
33523.7,33523.7
33523.7,34114.9
33523.7,33523.7
33523.7,35137.9
33523.7,33523.7
33523.7,33523.7
33523.7,33523.7
33523.7,35252.8
33523.7,35982.5
33523.7,33523.7
33523.7,36943.6
33523.7,34352.3
33523.7,33523.7
33523.7,34719.6
33523.7,33523.7
33523.7,33627.8
33523.7,33831.7
33523.7,34082.9
33523.7,34606.4
33523.7,33772.1
33523.7,34132.3
33523.7,34470.8
33523.7,33627.8
33523.7,33523.7
33523.7,33523.7
33523.7,34470.8
33523.7,33555.3
33523.7,35190.4
33523.7,33523.7
33523.7,34136.7
33523.7,35458
33523.7,33523.7
33523.7,34781
33523.7,34579.7
33523.7,34717.2
33523.7,33715.3
33523.7,34454.4
33523.7,33875.8
33523.7,33523.7
33523.7,34192.1
33523.7,34246.8
33523.7,33523.7
33523.7,34243.4
33523.7,33588.3
33523.7,33523.7
33523.7,34166.9
33523.7,33523.7
33523.7,33523.7
33523.7,33588.3
33523.7,34089
33523.7,33523.7
33523.7,34089
33523.7,33555.3
33523.7,33753.4
33523.7,34082.9
33523.7,34572.7
33523.7,34606.4
33523.7,34928.3
33523.7,34307.6
33523.7,34066.9
33523.7,34451.4
33523.7,34056.5
33523.7,34606.4
33523.7,34394.1
33523.7,34476.1
33523.7,33523.7
33523.7,33523.7
33523.7,34701.1
33523.7,34802.2
33523.7,34114.9
33523.7,33929.5
33523.7,34443
33523.7,36393.5
33523.7,33523.7
33523.7,34484.1
33523.7,34066.9
33523.7,34729.6
33523.7,33523.7
33523.7,33785
33523.7,34736.5
33523.7,33523.7
33523.7,33523.7
33523.7,33523.7
33523.7,33523.7
33523.7,33523.7
33523.7,35155.4
33523.7,34615.9
33523.7,33523.7
33523.7,34702.3
33523.7,33555.3
33523.7,33523.7
33523.7,33753.4
33523.7,34066.9
33523.7,35393.7
33523.7,35137.9
33523.7,33523.7
33523.7,34699.9
33523.7,33523.7
33523.7,34082.9
33523.7,35002.6
33523.7,33523.7
33523.7,33523.7
33523.7,34388.7
33523.7,33791.1
33523.7,34411.4
33523.7,33523.7
33523.7,35623.8
33523.7,35309.6
33523.7,33875.8
33523.7,33523.7
33523.7,34254.4
33523.7,34129.7
33523.7,34201.4
33523.7,33772.1
33523.7,35226.9
33523.7,34114.9
33523.7,35098.3
33523.7,33753.4
33523.7,34729.6
33523.7,33627.8
33523.7,34325.1
33523.7,33929.3
33523.7,34721.3
33523.7,34382.7
33523.7,34084.3
33523.7,36020.2
33523.7,35086
33523.7,33791.1
33523.7,35628.6
33523.7,33607.7
33523.7,34928.3
33523.7,33523.7
33523.7,33984.9
33523.7,34461.6
33523.7,33975
33523.7,33871.4
33523.7,33523.7
33523.7,33523.7
33523.7,34803.3
33523.7,34684.4
33523.7,33588.3
33523.7,34962.1
33523.7,34282.5
33523.7,33523.7
33523.7,35649.7
33523.7,34109.8
33523.7,33523.7
33523.7,33523.7
33523.7,33607.7
33523.7,34541.2
33523.7,33523.7
33523.7,33523.7
33523.7,33627.8
33523.7,35763.3
33523.7,34962.1
33523.7,34099.7
33523.7,33627.8
33523.7,34314
33523.7,34129.7
33523.7,33523.7
33523.7,35167
33523.7,33555.3
33523.7,34874.3
33523.7,34802.2
33523.7,35770.9
33523.7,33523.7
33523.7,33607.7
33523.7,35174
33523.7,33523.7
33523.7,34538.3
33523.7,33523.7
33523.7,33523.7
33523.7,34470.8
33523.7,34928.3
33523.7,34132.3
33523.7,35696.1
33523.7,34928.3
33523.7,34579.5
33523.7,33523.7
33523.7,34544.1
33523.7,33523.7
33523.7,33523.7
33523.7,33627.8
33523.7,34768.3
33523.7,34915.8
33523.7,35167
33523.7,33875.8
33523.7,33875.8
33523.7,34931.5
33523.7,34184.8
33523.7,33523.7
33523.7,33523.7
33523.7,33979.4
33523.7,34064.8
33523.7,35123.1
33523.7,33523.7
33523.7,33523.7
33523.7,35078
33523.7,33523.7
33523.7,35039.2
33523.7,34919.4
33523.7,34470.8
33523.7,33555.3
33523.7,34938.9
33523.7,34168.5
33523.7,34454.7
33523.7,34210.5
33523.7,34683.8
33523.7,33523.7
33523.7,33523.7
33523.7,34702.1
33523.7,33523.7
33523.7,35026.6
33523.7,34962.1
33523.7,35665.8
33523.7,34538.1
33523.7,34928.3
33523.7,33523.7
33523.7,34831.5
33523.7,36240.8
33523.7,34196.7
33523.7,33627.8
33523.7,35001.6
33523.7,33523.7
33523.7,34236.1
33523.7,34445.4
33523.7,34132.3
33523.7,35004.6
33523.7,33523.7
33523.7,33523.7
33523.7,34538.3
33523.7,36955.7
33523.7,33753.4
33523.7,33523.7
33523.7,35654.7
33523.7,34084.3
33523.7,34915.8
33523.7,34428.7
33523.7,33523.7
33523.7,34568.5
33523.7,34769.3
33523.7,34928.3
33523.7,34254.4
33523.7,34375.9
33523.7,33523.7
33523.7,35167
33523.7,34204.9
33523.7,34470.8
33523.7,33523.7
33523.7,33523.7
33523.7,33555.3
33523.7,34781
33523.7,35297.7
33523.7,33523.7
33523.7,34146.5
33523.7,33523.7
33523.7,34802.2
33523.7,34470.8
33523.7,33523.7
33523.7,33957.4
33523.7,34066.9
33523.7,33523.7
33523.7,34738.7
33523.7,34114.9
33523.7,33523.7
33523.7,34246.8
33523.7,33523.7
33523.7,33523.7
33523.7,33627.8
33523.7,33523.7
33523.7,34496.6
33523.7,34781
33523.7,33523.7
33523.7,33523.7
33523.7,33607.7
33523.7,34615.9
33523.7,35368.1
33523.7,35791.9
33523.7,34064.8
33523.7,33791.1
33523.7,35491.4
33523.7,34790.3
33523.7,33523.7
33523.7,33523.7
33523.7,35665.8
33523.7,34803.3
33523.7,34962.1
33523.7,35474.6
33523.7,34272.1
33523.7,34470.8
33523.7,34493.2
33523.7,34454.7
33523.7,35191.8
33523.7,34861.9
33523.7,35131.3
33523.7,33523.7
33523.7,33523.7
33523.7,34729.6
33523.7,34098.2
33523.7,33555.3
33523.7,34962.1
33523.7,36205.7
33523.7,34066.9
33523.7,34699.9
33523.7,34117.8
33523.7,35696.1
33523.7,33523.7
33523.7,34430
33523.7,34117.8
33523.7,33523.7
33523.7,34098.2
33523.7,34802.2
33523.7,34544.1
33523.7,35076.7
33523.7,33875.8
33523.7,34327.4
33523.7,35634.1
33523.7,33523.7
33523.7,34803.2
33523.7,33875.8
33523.7,33875.8
33523.7,33523.7
33523.7,34531.1
33523.7,33523.7
33523.7,33523.7
33523.7,33523.7
33523.7,34470.8
33523.7,33523.7
33523.7,34066.9
33523.7,34803.3
33523.7,34297.4
33523.7,34089
33523.7,34114.9
33523.7,34867.2
33523.7,33627.8
33523.7,33875.8
33523.7,34826.1
33523.7,33523.7
33523.7,34768
33523.7,33989.2
33523.7,33753.4
33523.7,33791.1
33523.7,35452.7
33523.7,34863.7
33523.7,34690.2
33523.7,33523.7
33523.7,33523.7
33523.7,34201.4
33523.7,33523.7
33523.7,33523.7
33523.7,34606.4
33523.7,33555.3
33523.7,35397.7
33523.7,34388.7
33523.7,34470.8
33523.7,33627.8
33523.7,35665.8
33523.7,33523.7
33523.7,34049.4
33523.7,33523.7
33523.7,34868.1
33523.7,34938.9
33523.7,34367.4
33523.7,34548.3
33523.7,33523.7
33523.7,34136.7
33523.7,33523.7
33523.7,33523.7
33523.7,33588.3
33523.7,35393.7
33523.7,35092.6
33523.7,34928.3
33523.7,34510.6
33523.7,35366.7
33523.7,34314
33523.7,33555.3
33523.7,34912.7
33523.7,33523.7
33523.7,34082.3
33523.7,34470.8
33523.7,35132.5
33523.7,36879.2
33523.7,34809.1
33523.7,33607.7
33523.7,33523.7
33523.7,34066.9
33523.7,34628.9
33523.7,34526.9
33523.7,33523.7
33523.7,33523.7
33523.7,33523.7
33523.7,34526.9
33523.7,33791.1
33523.7,34831.5
33523.7,34496.6
33523.7,34620.9
33523.7,33523.7
33523.7,35605.7
33523.7,33785
33523.7,35665.8
33523.7,33523.7
33523.7,34114.9
33523.7,34999.2
33523.7,33523.7
33523.7,34526.9
33523.7,33523.7
33523.7,35474.6
33523.7,33607.7
33523.7,34360
33523.7,33523.7
33523.7,33607.7
33523.7,33831.7
33523.7,34066.9
33523.7,35031.9
33523.7,34132.3
33523.7,33588.3
33523.7,34089
33523.7,34243.4
33523.7,33875.8
33523.7,36516.6
33523.7,34226.5
33523.7,33955.8
33523.7,34470.8
33523.7,34089
33523.7,34470.8
33523.7,33523.7
33523.7,33607.7
33523.7,33957.4
33523.7,34868.1
33523.7,34790.3
33523.7,34472.3
33523.7,33791.1
33523.7,34738.7
33523.7,35252.3
33523.7,34928.3
33523.7,34814
33523.7,34089
33523.7,33523.7
33523.7,35335.9
33523.7,34830.7
33523.7,34652.5
33523.7,35718.9
33523.7,33523.7
33523.7,34489.9
33523.7,34928.3
33523.7,35436.6
33523.7,33523.7
33523.7,33627.8
33523.7,34168.5
33523.7,35291.9
33523.7,34470.8
33523.7,33523.7
33523.7,33588.3
33523.7,33555.3
33523.7,35397.1
33523.7,34211.3
33523.7,35330.4
33523.7,34770.7
33523.7,33523.7
33523.7,34089
33523.7,34209.1
33523.7,34470.8
33523.7,33523.7
33523.7,34352.3
33523.7,34874.3
33523.7,34618
33523.7,33523.7
33523.7,35292.9
33523.7,34411.4
33523.7,34282.5
33523.7,34407.4
33523.7,33957.4
33523.7,34243.4
33523.7,35458.4
33523.7,34049.4
33523.7,33753.4
33523.7,34114.9
33523.7,34347.5
33523.7,34538.3
33523.7,33632.1
33523.7,34051.8
33523.7,34545.3
33523.7,35027
33523.7,33627.8
33523.7,35654.7
33523.7,34526.9
33523.7,35633.9
33523.7,33600.6
33523.7,33600.6
33523.7,35000.3
33523.7,33523.7
33523.7,36677.7
33523.7,34387.8
33523.7,33984.9
33523.7,34454.7
33523.7,33523.7
33523.7,34928.3
33523.7,35145.5
33523.7,34983
33523.7,33523.7
33523.7,33607.7
33523.7,33875.8
33523.7,34314
33523.7,34626.4
33523.7,33523.7
33523.7,33607.7
33523.7,34375.9
33523.7,33523.7
33523.7,35711.9
33523.7,34089
33523.7,35397.1
33523.7,34470.8
33523.7,34561.3
33523.7,34812.9
33523.7,35091.7
33523.7,33523.7
33523.7,33523.7
33523.7,33523.7
33523.7,33523.7
33523.7,33523.7
33523.7,33555.3
33523.7,33875.8
33523.7,34641.2
33523.7,34084.3
33523.7,33831.7
33523.7,33523.7
33523.7,33875.8
33523.7,34089
33523.7,35425
33523.7,34645.2
33523.7,35474.6
33523.7,33523.7
33523.7,33984.9
33523.7,34098.2
33523.7,33523.7
33523.7,34470.8
33523.7,34938.9
33523.7,33523.7
33523.7,34231
33523.7,34910.3
33523.7,33523.7
33523.7,34964
33523.7,34774.1
33523.7,33523.7
33523.7,34193
33523.7,33627.8
33523.7,33523.7
33523.7,35434.3
33523.7,34415.4
33523.7,35208
33523.7,34894.4
33523.7,33523.7
33523.7,34646.6
33523.7,33523.7
33523.7,35103.6
33523.7,34119.8
33523.7,33555.3
33523.7,33523.7
33523.7,34016.4
33523.7,33523.7
33523.7,35319.2
33523.7,33907.3
33523.7,33523.7
33523.7,35176
33523.7,33804.2
33523.7,34297.4
33523.7,33523.7
33523.7,35590
33523.7,34716.7
33523.7,33523.7
33523.7,33523.7
33523.7,34066.9
33523.7,33523.7
33523.7,34190.8
33523.7,33523.7
33523.7,33523.7
33523.7,34615.9
33523.7,33523.7
33523.7,33523.7
33523.7,34022.6
33523.7,33915.2
33523.7,33523.7
33523.7,34453.6
33523.7,33523.7
33523.7,33523.7
33523.7,33523.7
33523.7,33523.7
33523.7,34454.7
33523.7,33607.7
33523.7,33523.7
33523.7,34921.9
33523.7,34064.8
33523.7,33701.3
33523.7,33523.7
33523.7,34795
33523.7,34739.4
33523.7,33523.7
33523.7,33523.7
33523.7,35331
33523.7,34712.3
33523.7,33523.7
33523.7,33523.7
33523.7,33523.7
33523.7,33979.4
33523.7,34184.5
33523.7,33523.7
33523.7,33523.7
33523.7,35176
33523.7,33523.7
33523.7,35217.1
33523.7,33523.7
33523.7,33523.7
33523.7,34558.8
33523.7,33523.7
33523.7,34595.9
33523.7,33523.7
33523.7,33523.7
33523.7,33523.7
33523.7,35653.4
33523.7,34445.4
33523.7,34098.2
33523.7,33523.7
33523.7,33523.7
33523.7,33523.7
33523.7,34273.2
33523.7,34629.3
33523.7,34153.2
33523.7,33523.7
33523.7,33852.4
33523.7,33523.7
33523.7,33523.7
33523.7,33523.7
33523.7,34193.3
33523.7,33600.6
33523.7,35225.5
33523.7,35881.3
33523.7,33523.7
33523.7,33868.7
33523.7,33753.4
33523.7,33523.7
33523.7,33523.7
33523.7,33871.4
33523.7,33791.1
33523.7,33523.7
33523.7,33523.7
33523.7,34371.9
33523.7,34790.3
33523.7,33523.7
33523.7,34690.2
33523.7,34243.8
33523.7,33852.4
33523.7,33523.7
33523.7,33523.7
33523.7,34509
33523.7,33627.8
33523.7,33523.7
33523.7,34223.9
33523.7,34480
33523.7,34470.8
33523.7,35103.6
33523.7,33915.2
33523.7,34211.2
33523.7,33523.7
33523.7,35113.5
33523.7,33984.9
33523.7,34098.5
33523.7,33523.7
33523.7,33523.7
33523.7,34045.1
33523.7,33523.7
33523.7,33607.7
33523.7,33715.3
33523.7,36915.8
33523.7,34193.3
33523.7,34114.9
33523.7,37053.7
33523.7,33523.7
33523.7,33875.8
33523.7,33523.7
33523.7,33523.7
33523.7,34941.5
33523.7,34790.3
33523.7,35251.4
33523.7,34514.8
33523.7,33523.7
33523.7,33523.7
33523.7,34519.2
33523.7,35220.6
33523.7,34193.3
33523.7,34382.7
33523.7,35767.2
33523.7,33523.7
33523.7,33523.7
33523.7,34063.3
33523.7,35014.6
33523.7,33523.7
33523.7,33984.9
33523.7,34119.8
33523.7,33523.7
33523.7,35027.8
33523.7,33523.7
33523.7,34165.4
33523.7,33523.7
33523.7,33523.7
33523.7,34210.5
33523.7,33523.7
33523.7,36310.8
33523.7,33523.7
33523.7,34047.2
33523.7,34496.6
33523.7,33523.7
33523.7,33588.3
33523.7,33523.7
33523.7,33523.7
33523.7,33523.7
33523.7,34912.6
33523.7,34277.2
33523.7,34153.2
33523.7,35652.5
33523.7,34814
33523.7,33523.7
33523.7,34629.3
33523.7,34554.7
33523.7,34921.9
33523.7,34921.9
33523.7,34153.2
33523.7,33523.7
33523.7,33523.7
33523.7,33523.7
33523.7,33523.7
33523.7,33607.7
33523.7,35624
33523.7,33523.7
33523.7,33523.7
33523.7,34338.6
33523.7,33523.7
33523.7,34193.3
33523.7,33523.7
33523.7,33523.7
33523.7,36053.8
33523.7,33523.7
33523.7,33523.7
33523.7,33956.5
33523.7,33523.7
33523.7,33852.4
33523.7,34204.5
33523.7,33523.7
33523.7,34874.3
33523.7,34098.2
33523.7,34047.2
33523.7,33523.7
33523.7,34826.1
33523.7,33791.1
33523.7,34454.7
33523.7,34780.7
33523.7,35247.6
33523.7,33523.7
33523.7,33784
33523.7,33523.7
33523.7,33852.4
33523.7,33523.7
33523.7,33523.7
33523.7,33871.4
33523.7,35066
33523.7,34246.3
33523.7,34204.9
33523.7,34193.3
33523.7,35225.5
33523.7,33523.7
33523.7,33791.1
33523.7,33523.7
33523.7,33523.7
33523.7,33523.7
33523.7,33523.7
33523.7,33523.7
33523.7,34814
33523.7,33523.7
33523.7,34306
33523.7,33523.7
33523.7,33523.7
33523.7,33523.7
33523.7,34831.5
33523.7,33523.7
33523.7,33523.7
33523.7,34571.1
33523.7,34746.5
33523.7,33523.7
33523.7,35225.5
33523.7,34641.2
33523.7,33523.7
33523.7,35113.5
33523.7,33523.7
33523.7,35481.9
33523.7,34771.4
33523.7,33523.7
33523.7,34336.6
33523.7,34193.3
33523.7,34012.3
33523.7,34047.2
33523.7,33523.7
33523.7,36391.5
33523.7,35926.1
33523.7,33523.7
33523.7,34210.5
33523.7,33523.7
33523.7,35576.4
33523.7,33523.7
33523.7,33523.7
33523.7,33523.7
33523.7,34654.2
33523.7,33523.7
33523.7,33523.7
33523.7,33523.7
33523.7,34168.5
33523.7,34204.9
33523.7,33852.4
33523.7,33523.7
33523.7,33523.7
33523.7,34193.3
33523.7,33523.7
33523.7,33639.3
33523.7,36098.2
33523.7,34242.8
33523.7,33523.7
33523.7,35020
33523.7,34211.2
33523.7,35663
33523.7,33523.7
33523.7,33523.7
33523.7,33784
33523.7,34243.4
33523.7,34454.7
33523.7,34408.1
33523.7,34921.9
33523.7,33639.3
33523.7,34778.9
33523.7,33523.7
33523.7,33523.7
33523.7,35439.9
33523.7,33607.7
33523.7,33523.7
33523.7,34790.3
33523.7,34557
33523.7,34921.9
33523.7,33523.7
33523.7,33523.7
33523.7,34538.3
33523.7,35037.3
33523.7,33523.7
33523.7,35441.7
33523.7,36203.1
33523.7,33523.7
33523.7,34746.5
33523.7,34629.3
33523.7,33523.7
33523.7,33523.7
33523.7,33523.7
33523.7,33523.7
33523.7,34538.3
33523.7,34204.5
33523.7,34390.6
33523.7,33523.7
33523.7,34564.9
33523.7,33523.7
33523.7,33784
33523.7,33523.7
33523.7,33523.7
33523.7,33523.7
33523.7,34418.1
33523.7,34554
33523.7,33523.7
33523.7,34472.3
33523.7,33899.9
33523.7,34114.9
33523.7,33523.7
33523.7,34479.3
33523.7,34022.6
33523.7,33523.7
33523.7,34954
33523.7,34629.3
33523.7,36016.1
33523.7,34790.3
33523.7,34136.7
33523.7,35394.8
33523.7,34557
33523.7,34790.3
33523.7,35885
33523.7,33523.7
33523.7,33523.7
33523.7,34353.4
33523.7,33523.7
33523.7,33523.7
33523.7,33875.8
33523.7,33627.8
33523.7,33523.7
33523.7,33852.4
33523.7,34243.4
33523.7,34513
33523.7,34538.3
33523.7,35176
33523.7,34714
33523.7,33523.7
33523.7,34193.3
33523.7,34333.8
33523.7,33523.7
33523.7,33607.7
33523.7,34628.9
33523.7,34166.9
33523.7,33929.5
33523.7,34481.9
33523.7,33936.4
33523.7,33523.7
33523.7,33875.8
33523.7,34790.3
33523.7,33588.3
33523.7,33523.7
33523.7,33523.7
33523.7,33523.7
33523.7,34114.9
33523.7,33627.8
33523.7,34790.3
33523.7,34193.3
33523.7,33852.4
33523.7,33523.7
33523.7,33607.7
33523.7,33523.7
33523.7,33523.7
33523.7,34829.2
33523.7,33716.6
33523.7,33588.3
33523.7,34357.2
33523.7,34729.6
33523.7,34487.9
33523.7,34097.9
33523.7,33523.7
33523.7,33523.7
33523.7,33523.7
33523.7,34193.3
33523.7,33523.7
33523.7,33523.7
33523.7,34066.3
33523.7,34193.3
33523.7,34114.9
33523.7,34153.2
33523.7,33523.7
33523.7,34657.9
33523.7,34814
33523.7,34715.8
33523.7,33523.7
33523.7,34653.7
33523.7,33523.7
33523.7,33555.3
33523.7,33555.3
33523.7,34345
33523.7,33523.7
33523.7,34360
33523.7,33523.7
33523.7,34193.3
33523.7,33875.8
33523.7,34209.1
33523.7,35176
33523.7,33523.7
33523.7,34047.2
33523.7,33588.3
33523.7,33753.4
33523.7,34336.6
33523.7,34098.2
33523.7,38075.9
33523.7,33523.7
33523.7,33523.7
33523.7,33523.7
33523.7,34114.9
33523.7,33523.7
33523.7,34022.6
33523.7,35734.8
33523.7,34246.3
33523.7,34814
33523.7,33523.7
33523.7,33523.7
33523.7,34479.3
33523.7,34114.9
33523.7,35354.9
33523.7,33523.7
33523.7,33523.7
33523.7,33523.7
33523.7,34114.9
33523.7,33523.7
33523.7,33523.7
33523.7,35328
33523.7,34557
33523.7,33523.7
33523.7,33523.7
33523.7,34679.3
33523.7,33523.7
33523.7,33523.7
33523.7,33979.4
33523.7,33523.7
33523.7,34193.3
33523.7,33607.7
33523.7,35133.8
33523.7,34066.9
33523.7,33523.7
33523.7,33600.6
33523.7,33984.9
33523.7,33523.7
33523.7,33555.3
33523.7,35461.6
33523.7,33523.7
33523.7,34663.3
33523.7,33523.7
33523.7,34831.5
33523.7,34252.3
33523.7,34790.3
33523.7,33600.6
33523.7,33600.6
33523.7,34921.9
33523.7,33523.7
33523.7,33523.7
33523.7,33523.7
33523.7,34098.2
33523.7,33523.7
33523.7,34114.9
33523.7,33852.4
33523.7,33523.7
33523.7,34746.5
33523.7,33607.7
33523.7,33523.7
33523.7,34193.3
33523.7,34226.7
33523.7,33523.7
33523.7,33627.8
33523.7,35776.7
33523.7,35485.7
33523.7,35498.3
33523.7,33523.7
33523.7,33523.7
33523.7,34297.4
33523.7,34076.6
33523.7,36002.9
33523.7,33523.7
33523.7,34629.3
33523.7,33523.7
33523.7,33523.7
33523.7,36373.4
33523.7,33523.7
33523.7,34478.5
33523.7,33523.7
33523.7,33523.7
33523.7,34790.3
33523.7,34115.2
33523.7,34132.2
33523.7,35639.9
33523.7,33523.7
33523.7,33523.7
33523.7,33523.7
33523.7,33523.7
33523.7,36111.2
33523.7,34446.8
33523.7,33555.3
33523.7,34538.3
33523.7,33523.7
33523.7,34273.5
33523.7,34190.8
33523.7,34099.7
33523.7,34273.5
33523.7,33523.7
33523.7,34780.5
33523.7,33523.7
33523.7,33955.8
33523.7,34114.9
33523.7,33555.3
33523.7,35335.4
33523.7,34193.3
33523.7,34117.8
33523.7,33523.7
33523.7,33523.7
33523.7,34022.6
33523.7,33523.7
33523.7,34168.5
33523.7,33523.7
33523.7,33523.7
33523.7,33523.7
33523.7,33883.6
33523.7,33523.7
33523.7,34016.4
33523.7,34193.3
33523.7,33523.7
33523.7,33523.7
33523.7,34193.3
33523.7,33852.4
33523.7,34614.4
33523.7,33523.7
33523.7,33523.7
33523.7,33871.4
33523.7,35242.9
33523.7,33523.7
33523.7,33868.7
33523.7,33523.7
33523.7,35325.9
33523.7,33831.7
33523.7,34193.3
33523.7,33627.8
33523.7,33936.4
33523.7,34098.2
33523.7,34736.4
33523.7,33523.7
33523.7,35172
33523.7,34360
33523.7,34193.3
33523.7,33523.7
33523.7,34066.3
33523.7,33523.7
33523.7,34119.8
33523.7,33523.7
33523.7,33979.4
33523.7,33852.4
33523.7,34066.3
33523.7,34098.2
33523.7,33523.7
33523.7,33523.7
33523.7,36003.6
33523.7,33523.7
33523.7,33523.7
33523.7,34824.9
33523.7,34022.6
33523.7,34869.2
33523.7,34098.2
33523.7,34814
33523.7,34790.3
33523.7,33523.7
33523.7,33523.7
33523.7,33523.7
33523.7,33523.7
33523.7,34854.2
33523.7,33523.7
33523.7,33523.7
33523.7,33753.4
33523.7,34193.3
33523.7,35445.3
33523.7,33523.7
33523.7,35698.4
33523.7,34066.9
33523.7,34164.8
33523.7,34502.3
33523.7,33523.7
33523.7,34243.4
33523.7,33523.7
33523.7,33523.7
33523.7,34870.2
33523.7,33523.7
33523.7,33523.7
33523.7,34297.4
33523.7,36045.2
33523.7,35758.1
33523.7,34115.2
33523.7,33607.7
33523.7,34686.3
33523.7,33523.7
33523.7,34691.3
33523.7,35186.1
33523.7,34089
33523.7,33523.7
33523.7,33523.7
33523.7,33627.8
33523.7,35206.6
33523.7,33523.7
33523.7,33523.7
33523.7,33523.7
33523.7,33523.7
33523.7,33523.7
33523.7,33523.7
33523.7,33523.7
33523.7,36111.2
33523.7,34083.5
33523.7,33936.4
33523.7,33523.7
33523.7,35696.4
33523.7,34784.8
33523.7,35573.4
33523.7,34063.3
33523.7,33523.7
33523.7,33523.7
33523.7,33523.7
33523.7,33523.7
33523.7,33523.7
33523.7,34220.8
33523.7,33523.7
33523.7,33555.3
33523.7,33523.7
33523.7,33600.6
33523.7,34454.7
33523.7,34211.3
33523.7,33523.7
33523.7,33523.7
33523.7,34066.9
33523.7,33523.7
33523.7,33523.7
33523.7,33523.7
33523.7,34771.4
33523.7,33523.7
33523.7,33523.7
33523.7,34831.5
33523.7,34746.5
33523.7,33607.7
33523.7,34082.9
33523.7,33523.7
33523.7,35445.3
33523.7,33523.7
33523.7,33523.7
33523.7,33523.7
33523.7,34840.5
33523.7,34173.2
33523.7,33523.7
33523.7,33523.7
33523.7,33523.7
33523.7,34082.1
33523.7,33523.7
33523.7,34066.9
33523.7,33523.7
33523.7,34790.3
33523.7,34297.4
33523.7,35321.3
33523.7,33523.7
33523.7,34782
33523.7,34921.9
33523.7,33607.7
33523.7,34270.7
33523.7,33523.7
33523.7,33523.7
33523.7,33523.7
33523.7,35070.2
33523.7,34353.4
33523.7,34921.9
33523.7,33523.7
33523.7,33523.7
33523.7,38075.9
33523.7,33523.7
33523.7,33523.7
33523.7,33607.7
33523.7,33523.7
33523.7,34314
33523.7,33523.7
33523.7,33523.7
33523.7,33523.7
33523.7,33523.7
33523.7,33852.4
33523.7,33523.7
33523.7,34360
33523.7,33523.7
33523.7,35503.1
33523.7,34408.1
33523.7,34790.3
33523.7,34193.3
33523.7,34672.4
33523.7,34246.3
33523.7,35022.1
33523.7,33523.7
33523.7,35926.1
33523.7,33523.7
33523.7,34020.2
33523.7,34153.2
33523.7,33523.7
33523.7,33523.7
33523.7,33936.4
33523.7,34921.9
33523.7,33627.8
33523.7,33899.9
33523.7,34915.8
33523.7,33523.7
33523.7,34082.9
33523.7,36845.4
33523.7,34296.6
33523.7,33523.7
33523.7,34360
33523.7,33523.7
33523.7,33875.8
33523.7,33523.7
33523.7,34277.2
33523.7,33523.7
33523.7,34188.4
33523.7,33523.7
33523.7,33523.7
33523.7,35488
33523.7,33523.7
33523.7,33607.7
33523.7,33523.7
33523.7,34082.9
33523.7,33523.7
33523.7,33523.7
33523.7,33523.7
33523.7,34586.6
33523.7,33523.7
33523.7,33523.7
33523.7,33523.7
33523.7,34016.4
33523.7,34066.9
33523.7,33523.7
33523.7,33523.7
33523.7,33523.7
33523.7,33523.7
33523.7,34243.4
33523.7,34790.3
33523.7,34538.3
33523.7,34642.9
33523.7,33523.7
33523.7,34454.4
33523.7,33523.7
33523.7,33523.7
33523.7,33523.7
33523.7,33607.7
33523.7,34260.7
33523.7,34188.4
33523.7,33523.7
33523.7,33791.1
33523.7,34795
33523.7,33627.8
33523.7,33523.7
33523.7,33607.7
33523.7,34153.2
33523.7,33523.7
33523.7,34153.2
33523.7,33523.7
33523.7,34646.4
33523.7,35483.9
33523.7,33523.7
33523.7,33868.7
33523.7,33523.7
33523.7,33523.7
33523.7,33523.7
33523.7,33523.7
33523.7,33523.7
33523.7,33523.7
33523.7,34790.3
33523.7,34211.4
33523.7,34389.1
33523.7,33555.3
33523.7,33627.8
33523.7,34066.9
33523.7,34193.3
33523.7,34084.4
33523.7,34973.1
33523.7,34921.9
33523.7,34795
33523.7,33523.7
33523.7,35301.6
33523.7,33523.7
33523.7,35227
33523.7,33523.7
33523.7,34790.3
33523.7,33899.9
33523.7,34646.6
33523.7,34743.8
33523.7,33523.7
33523.7,33523.7
33523.7,33804.2
33523.7,34360
33523.7,34716.7
33523.7,34242
33523.7,33523.7
33523.7,34704.6
33523.7,33523.7
33523.7,33523.7
33523.7,34168.5
33523.7,34066.9
33523.7,34336.6
33523.7,33523.7
33523.7,33523.7
33523.7,33523.7
33523.7,35103.6
33523.7,33523.7
33523.7,35311.6
33523.7,33523.7
33523.7,35076.3
33523.7,33523.7
33523.7,34388.7
33523.7,33523.7
33523.7,34297.4
33523.7,33984.9
33523.7,33523.7
33523.7,34802.8
33523.7,33523.7
33523.7,33523.7
33523.7,34047.2
33523.7,34781
33523.7,33523.7
33523.7,33523.7
33523.7,34454.7
33523.7,33523.7
33523.7,33523.7
33523.7,33523.7
33523.7,35038.8
33523.7,34066.9
33523.7,33523.7
33523.7,34153.2
33523.7,33523.7
33523.7,33523.7
33523.7,33523.7
33523.7,33523.7
33523.7,34588.3
33523.7,34243.4
33523.7,33523.7
33523.7,33523.7
33523.7,33523.7
33523.7,35412.1
33523.7,35113.5
33523.7,33984.9
33523.7,34921.9
33523.7,34790.3
33523.7,34084.3
33523.7,33523.7
33523.7,33523.7
33523.7,33523.7
33523.7,34921.9
33523.7,33523.7
33523.7,33523.7
33523.7,34114.9
33523.7,35297
33523.7,33523.7
33523.7,33523.7
33523.7,33523.7
33523.7,33523.7
33523.7,34826.1
33523.7,35651.2
33523.7,34211.2
33523.7,33523.7
33523.7,34233.1
33523.7,34193.3
33523.7,34588.3
33523.7,33831.7
33523.7,33871.4
33523.7,33523.7
33523.7,34162.4
33523.7,33875.8
33523.7,33523.7
33523.7,33523.7
33523.7,33523.7
33523.7,34790.3
33523.7,33523.7
33523.7,33523.7
33523.7,35225.5
33523.7,34781
33523.7,33523.7
33523.7,33607.7
33523.7,34132.3
33523.7,34193.3
33523.7,33523.7
33523.7,35250.5
33523.7,34775.9
33523.7,33523.7
33523.7,33523.7
33523.7,33523.7
33523.7,34066.9
33523.7,33523.7
33523.7,34987
33523.7,33523.7
33523.7,34117.8
33523.7,34336.6
33523.7,34193.3
33523.7,33523.7
33523.7,38075.9
33523.7,33523.7
33523.7,33523.7
33523.7,34066.3
33523.7,34114.9
33523.7,33979.4
33523.7,33936.4
33523.7,33523.7
33523.7,34579
33523.7,34047.2
33523.7,34921.9
33523.7,33523.7
33523.7,33784
33523.7,35081.3
33523.7,33523.7
33523.7,33523.7
33523.7,34790.3
33523.7,33523.7
33523.7,33523.7
33523.7,34246.3
33523.7,33523.7
33523.7,35147
33523.7,36615.7
33523.7,34933.3
33523.7,33523.7
33523.7,34545.3
33523.7,34538.3
33523.7,33523.7
33523.7,33523.7
33523.7,34056.2
33523.7,33523.7
33523.7,34562.8
33523.7,33523.7
33523.7,35113.5
33523.7,33523.7
33523.7,33523.7
33523.7,33523.7
33523.7,33523.7
33523.7,34921.9
33523.7,33523.7
33523.7,34921.9
33523.7,34360
33523.7,33523.7
33523.7,33523.7
33523.7,33523.7
33523.7,34022.6
33523.7,34243.8
33523.7,33523.7
33523.7,34545.3
33523.7,33523.7
33523.7,33555.3
33523.7,35349.9
33523.7,33523.7
33523.7,35350.6
33523.7,38075.9
33523.7,33523.7
33523.7,33607.7
33523.7,33523.7
33523.7,34164.8
33523.7,33523.7
33523.7,33523.7
33523.7,33523.7
33523.7,33523.7
33523.7,34193.3
33523.7,35105.6
33523.7,33523.7
33523.7,36345.8
33523.7,34076.6
33523.7,34748.9
33523.7,34986.6
33523.7,33523.7
33523.7,33523.7
33523.7,34098.2
33523.7,33523.7
33523.7,34047.2
33523.7,34921.9
33523.7,33523.7
33523.7,33523.7
33523.7,34193.3
33523.7,34210.5
33523.7,34088.1
33523.7,34066.9
33523.7,33523.7
33523.7,33523.7
33523.7,34243.4
33523.7,36180.3
33523.7,34022.6
33523.7,33523.7
33523.7,33523.7
33523.7,33523.7
33523.7,33523.7
33523.7,33523.7
33523.7,33607.7
33523.7,35928.8
33523.7,34297.4
33523.7,33607.7
33523.7,33523.7
33523.7,35282.8
33523.7,35079.4
33523.7,34764.9
33523.7,33852.4
33523.7,33523.7
33523.7,33523.7
33523.7,35441.7
33523.7,33523.7
33523.7,33523.7
33523.7,34114.9
33523.7,33555.3
33523.7,34223.9
33523.7,33523.7
33523.7,34685.7
33523.7,33831.7
33523.7,33753.4
33523.7,33523.7
33523.7,33607.7
33523.7,33523.7
33523.7,33875.8
33523.7,34746.5
33523.7,33523.7
33523.7,33523.7
33523.7,33523.7
33523.7,35780.4
33523.7,33523.7
33523.7,33523.7
33523.7,34554
33523.7,34716.7
33523.7,34804.6
33523.7,33523.7
33523.7,34082.9
33523.7,33936.4
33523.7,35191.3
33523.7,34412.8
33523.7,33791.1
33523.7,35477.8
33523.7,33523.7
33523.7,33523.7
33523.7,33523.7
33523.7,34193.3
33523.7,34168.5
33523.7,33523.7
33523.7,33523.7
33523.7,34047.2
33523.7,34629.3
33523.7,33607.7
33523.7,34777.8
33523.7,33523.7
33523.7,34193.3
33523.7,33523.7
33523.7,34771.4
33523.7,33523.7
33523.7,34544.1
33523.7,34674.4
33523.7,34474.2
33523.7,33523.7
33523.7,33523.7
33523.7,34066.9
33523.7,33523.7
33523.7,34538.6
33523.7,33588.3
33523.7,34555.8
33523.7,35049
33523.7,34193.3
33523.7,33871.4
33523.7,33523.7
33523.7,34066.9
33523.7,34336.6
33523.7,33627.8
33523.7,34620.5
33523.7,33523.7
33523.7,34246.3
33523.7,34336.6
33523.7,33523.7
33523.7,34802.8
33523.7,33523.7
33523.7,33523.7
33523.7,35510.3
33523.7,33523.7
33523.7,33523.7
33523.7,35593.3
33523.7,35038.8
33523.7,33523.7
33523.7,33523.7
33523.7,35553.6
33523.7,33523.7
33523.7,33523.7
33523.7,34831.5
33523.7,34306.6
33523.7,33523.7
33523.7,33871.4
33523.7,34168.5
33523.7,34082.9
33523.7,33523.7
33523.7,33523.7
33523.7,34606.9
33523.7,33523.7
33523.7,34114.9
33523.7,33523.7
33523.7,34333.1
33523.7,35377.6
33523.7,34624.2
33523.7,34746.5
33523.7,34164.8
33523.7,34047.2
33523.7,33523.7
33523.7,33523.7
33523.7,36150.8
33523.7,33523.7
33523.7,33523.7
33523.7,33523.7
33523.7,34066.9
33523.7,33523.7
33523.7,34672.4
33523.7,38075.9
33523.7,33523.7
33523.7,33627.8
33523.7,34047.2
33523.7,33523.7
33523.7,33523.7
33523.7,33984.9
33523.7,33716.6
33523.7,34690.2
33523.7,34764.9
33523.7,34921.9
33523.7,33523.7
33523.7,35250.5
33523.7,34538.3
33523.7,34193.3
33523.7,34117.8
33523.7,34614.4
33523.7,33607.7
33523.7,33523.7
33523.7,34554
33523.7,34047.2
33523.7,33523.7
33523.7,34049.4
33523.7,33523.7
33523.7,33523.7
33523.7,33523.7
33523.7,33523.7
33523.7,33871.4
33523.7,33936.4
33523.7,34831.5
33523.7,33523.7
33523.7,33523.7
33523.7,34047.2
33523.7,34153.2
33523.7,33523.7
33523.7,34064.8
33523.7,34115.2
33523.7,33523.7
33523.7,33523.7
33523.7,34831.5
33523.7,34614.4
33523.7,33523.7
33523.7,35044.8
33523.7,33753.4
33523.7,35014.6
33523.7,33936.4
33523.7,34047.2
33523.7,33523.7
33523.7,34474.2
33523.7,36654
33523.7,33523.7
33523.7,34114.9
33523.7,34437.2
33523.7,33852.4
33523.7,33523.7
33523.7,34098.2
33523.7,35005.6
33523.7,35461.6
33523.7,34084.3
33523.7,33523.7
33523.7,34814
33523.7,33523.7
33523.7,35048.3
33523.7,33523.7
33523.7,33523.7
33523.7,34098.2
33523.7,38102.3
33523.7,33523.7
33523.7,34470.8
33523.7,34620.5
33523.7,35114.7
33523.7,33523.7
33523.7,33831.7
33523.7,34306.6
33523.7,34243.4
33523.7,35111.2
33523.7,34682.4
33523.7,34470.8
33523.7,33523.7
33523.7,33523.7
33523.7,33523.7
33523.7,33523.7
33523.7,33523.7
33523.7,34372.5
33523.7,33523.7
33523.7,33523.7
33523.7,34921.9
33523.7,33791.1
33523.7,33523.7
33523.7,34538.3
33523.7,35761.2
33523.7,33523.7
33523.7,33523.7
33523.7,34303.2
33523.7,34746.5
33523.7,33523.7
33523.7,35225.5
33523.7,34246.3
33523.7,33523.7
33523.7,33523.7
33523.7,33523.7
33523.7,34921.9
33523.7,33523.7
33523.7,33555.3
33523.7,33523.7
33523.7,33523.7
33523.7,35080.9
33523.7,34415.4
33523.7,34204.5
33523.7,34100.1
33523.7,33523.7
33523.7,34270.7
33523.7,38305
33523.7,33523.7
33523.7,35669.5
33523.7,33523.7
33523.7,34910.3
33523.7,33607.7
33523.7,33936.3
33523.7,33523.7
33523.7,35275.6
33523.7,34076.6
33523.7,34188.4
33523.7,34049.4
33523.7,35113.5
33523.7,33523.7
33523.7,33523.7
33523.7,33523.7
33523.7,34245
33523.7,33523.7
33523.7,33523.7
33523.7,35410.5
33523.7,34132.2
33523.7,33607.7
33523.7,34243.4
33523.7,33523.7
33523.7,34030
33523.7,35225.5
33523.7,35172
33523.7,33523.7
33523.7,34538.3
33523.7,33523.7
33523.7,33753.4
33523.7,33523.7
33523.7,33523.7
33523.7,34415.4
33523.7,33523.7
33523.7,33523.7
33523.7,33523.7
33523.7,34555.8
33523.7,35200.2
33523.7,33753.4
33523.7,33523.7
33523.7,33523.7
33523.7,34243.8
33523.7,34790.3
33523.7,33555.3
33523.7,34193.3
33523.7,34186.2
33523.7,33523.7
33523.7,35090.6
33523.7,33523.7
33523.7,33523.7
33523.7,33523.7
33523.7,35361.2
33523.7,34098.2
33523.7,34308.4
33523.7,33852.4
33523.7,33899
33523.7,33523.7
33523.7,34595.4
33523.7,34068.8
33523.7,33523.7
33523.7,34614.4
33523.7,33523.7
33523.7,34082.3
33523.7,33523.7
33523.7,34150.3
33523.7,33523.7
33523.7,33523.7
33523.7,35776.7
33523.7,33523.7
33523.7,34352.3
33523.7,33523.7
33523.7,34293.5
33523.7,34196.7
33523.7,34597.1
33523.7,33523.7
33523.7,33523.7
33523.7,33523.7
33523.7,33791.1
33523.7,33936.4
33523.7,34098.2
33523.7,33753.4
33523.7,33523.7
33523.7,33523.7
33523.7,33523.7
33523.7,33523.7
33523.7,34193.3
33523.7,35247.7
33523.7,33523.7
33523.7,33607.7
33523.7,34672.4
33523.7,33523.7
33523.7,33523.7
33523.7,33588.3
33523.7,33523.7
33523.7,34047.2
33523.7,34562.4
33523.7,33523.7
33523.7,33701.3
33523.7,33523.7
33523.7,34772.8
33523.7,33523.7
33523.7,34173.6
33523.7,33523.7
33523.7,36010.1
33523.7,33715.3
33523.7,34100.1
33523.7,33600.6
33523.7,34204.5
33523.7,33523.7
33523.7,33844.9
33523.7,33523.7
33523.7,33523.7
33523.7,34921.9
33523.7,33523.7
33523.7,33875.8
33523.7,33523.7
33523.7,33523.7
33523.7,33523.7
33523.7,33523.7
33523.7,33523.7
33523.7,33639.3
33523.7,36537.4
33523.7,33523.7
33523.7,33523.7
33523.7,34921.9
33523.7,33523.7
33523.7,33523.7
33523.7,33523.7
33523.7,34922.9
33523.7,33523.7
33523.7,33523.7
33523.7,33523.7
33523.7,33523.7
33523.7,34795
33523.7,33984.9
33523.7,33523.7
33523.7,33523.7
33523.7,33523.7
33523.7,34114.9
33523.7,33607.7
33523.7,34336.6
33523.7,33523.7
33523.7,34196.7
33523.7,34253.2
33523.7,34347.1
33523.7,33523.7
33523.7,33871.4
33523.7,33523.7
33523.7,33523.7
33523.7,33852.4
33523.7,33523.7
33523.7,34538.3
33523.7,33852.4
33523.7,33627.8
33523.7,34098.2
33523.7,33523.7
33523.7,33523.7
33523.7,33523.7
33523.7,35743.1
33523.7,34226.7
33523.7,33523.7
33523.7,33523.7
33523.7,33523.7
33523.7,34764.9
33523.7,34884.6
33523.7,33875.8
33523.7,34746.5
33523.7,35374
33523.7,33701.3
33523.7,34084.3
33523.7,35113.5
33523.7,35374.7
33523.7,34461.6
33523.7,35113.5
33523.7,33523.7
33523.7,34047.2
33523.7,33523.7
33523.7,34921.9
33523.7,33979.4
33523.7,33523.7
33523.7,35090.3
33523.7,34921.9
33523.7,33555.3
33523.7,34336.6
33523.7,35326.7
33523.7,34204.9
33523.7,33523.7
33523.7,33523.7
33523.7,34012.3
33523.7,36037.9
33523.7,34273.5
33523.7,33659.4
33523.7,34478.5
33523.7,35657
33523.7,33917.1
33523.7,33588.3
33523.7,34460.7
33523.7,35264.1
33523.7,33555.3
33523.7,34252.3
33523.7,33523.7
33523.7,34624.2
33523.7,33523.7
33523.7,33523.7
33523.7,33659.4
33523.7,35206.6
33523.7,33523.7
33523.7,34211.7
33523.7,33607.7
33523.7,33523.7
33523.7,34625.9
33523.7,33523.7
33523.7,34921.9
33523.7,34084.6
33523.7,33588.3
33523.7,33523.7
33523.7,36768.5
33523.7,33523.7
33523.7,33523.7
33523.7,33523.7
33523.7,35241.3
33523.7,34579
33523.7,33523.7
33523.7,34294.6
33523.7,33523.7
33523.7,34114.9
33523.7,33523.7
33523.7,34184.8
33523.7,35336.9
33523.7,33523.7
33523.7,33523.7
33523.7,33852.4
33523.7,33523.7
33523.7,33523.7
33523.7,33523.7
33523.7,34047.2
33523.7,34746.5
33523.7,33753.4
33523.7,33523.7
33523.7,33523.7
33523.7,33936.4
33523.7,33523.7
33523.7,34246.3
33523.7,33523.7
33523.7,33523.7
33523.7,33523.7
33523.7,33523.7
33523.7,33607.7
33523.7,34642.9
33523.7,33956.5
33523.7,34353.4
33523.7,34332.5
33523.7,35088.6
33523.7,33871.4
33523.7,33523.7
33523.7,34470.8
33523.7,33523.7
33523.7,34209.1
33523.7,33523.7
33523.7,33523.7
33523.7,33979.4
33523.7,33523.7
33523.7,34193.3
33523.7,33852.4
33523.7,33523.7
33523.7,33523.7
33523.7,35550.1
33523.7,35258.5
33523.7,33523.7
33523.7,34674.4
33523.7,33868.7
33523.7,33957.4
33523.7,34089
33523.7,34604.7
33523.7,34168.5
33523.7,35113.5
33523.7,33523.7
33523.7,33523.7
33523.7,38075.9
33523.7,34136.7
33523.7,33523.7
33523.7,34921.9
33523.7,34168.5
33523.7,33523.7
33523.7,34827.8
33523.7,34538.3
33523.7,33523.7
33523.7,33523.7
33523.7,33523.7
33523.7,33868.7
33523.7,34030
33523.7,33523.7
33523.7,34571.2
33523.7,33523.7
33523.7,33772.1
33523.7,34572.7
33523.7,34705.8
33523.7,34273.5
33523.7,34538.3
33523.7,34297.4
33523.7,34114.9
33523.7,34336.6
33523.7,33523.7
33523.7,34022.6
33523.7,33523.7
33523.7,34012.3
33523.7,33523.7
33523.7,33523.7
33523.7,34629.3
33523.7,33523.7
33523.7,34948.6
33523.7,33753.4
33523.7,33523.7
33523.7,33523.7
33523.7,33523.7
33523.7,33523.7
33523.7,34209.1
33523.7,33523.7
33523.7,33523.7
33523.7,34554
33523.7,33523.7
33523.7,33523.7
33523.7,33523.7
33523.7,34814
33523.7,33523.7
33523.7,33523.7
33523.7,34068.8
33523.7,34022.6
33523.7,33523.7
33523.7,34294.5
33523.7,33523.7
33523.7,33523.7
33523.7,35404.4
33523.7,33523.7
33523.7,33523.7
33523.7,33984.9
33523.7,34921.9
33523.7,33523.7
33523.7,33523.7
33523.7,34921.9
33523.7,33523.7
33523.7,33523.7
33523.7,33523.7
33523.7,34628.9
33523.7,34331.4
33523.7,34193.3
33523.7,35669.5
33523.7,33523.7
33523.7,34098.2
33523.7,33523.7
33523.7,34336.6
33523.7,33523.7
33523.7,33523.7
33523.7,33523.7
33523.7,34119.8
33523.7,33523.7
33523.7,36972.8
33523.7,34357.2
33523.7,35384.2
33523.7,35568
33523.7,33523.7
33523.7,35363.1
33523.7,33588.3
33523.7,33523.7
33523.7,34193.3
33523.7,33607.7
33523.7,33607.7
33523.7,33523.7
33523.7,33523.7
33523.7,35958.4
33523.7,33523.7
33523.7,34193.3
33523.7,33523.7
33523.7,34947.7
33523.7,34252.3
33523.7,33523.7
33523.7,33523.7
33523.7,34428.9
33523.7,34043.5
33523.7,34790.3
33523.7,35549.3
33523.7,33523.7
33523.7,33523.7
33523.7,33871.4
33523.7,34497.8
33523.7,33523.7
33523.7,33523.7
33523.7,33984.9
33523.7,33523.7
33523.7,36206.6
33523.7,33523.7
33523.7,34771.4
33523.7,34790.3
33523.7,35449
33523.7,34204.5
33523.7,35113.8
33523.7,34336.6
33523.7,33523.7
33523.7,34746.5
33523.7,33899.9
33523.7,33607.7
33523.7,33523.7
33523.7,34408.1
33523.7,33523.7
33523.7,33868.7
33523.7,34993.4
33523.7,34193.3
33523.7,33600.6
33523.7,33523.7
33523.7,33523.7
33523.7,33523.7
33523.7,34242.8
33523.7,33523.7
33523.7,34502.3
33523.7,35241.1
33523.7,33523.7
33523.7,34243.8
33523.7,33871.4
33523.7,33523.7
33523.7,33523.7
33523.7,33523.7
33523.7,34066.9
33523.7,33523.7
33523.7,33523.7
33523.7,35535.2
33523.7,34082.9
33523.7,33588.3
33523.7,34470.8
33523.7,33523.7
33523.7,33523.7
33523.7,33523.7
33523.7,33523.7
33523.7,34022.6
33523.7,33523.7
33523.7,34454.4
33523.7,33875.8
33523.7,33607.7
33523.7,34470.8
33523.7,34098.2
33523.7,33791.1
33523.7,33523.7
33523.7,33607.7
33523.7,33523.7
33523.7,34098.2
33523.7,34066.9
33523.7,33555.3
33523.7,35176
33523.7,33523.7
33523.7,33523.7
33523.7,35109.4
33523.7,35794.6
33523.7,33523.7
33523.7,33523.7
33523.7,34153.2
33523.7,33701.3
33523.7,33523.7
33523.7,33523.7
33523.7,33523.7
33523.7,33701.3
33523.7,37168.2
33523.7,33555.3
33523.7,33523.7
33523.7,33523.7
33523.7,34502.3
33523.7,33523.7
33523.7,33523.7
33523.7,33523.7
33523.7,35113.5
33523.7,33523.7
33523.7,33523.7
33523.7,35970.7
33523.7,34614.4
33523.7,34746.7
33523.7,34795
33523.7,33523.7
33523.7,33523.7
33523.7,34470.8
33523.7,34671.7
33523.7,33523.7
33523.7,34671.7
33523.7,34654.2
33523.7,33523.7
33523.7,33956.5
33523.7,33523.7
33523.7,33523.7
33523.7,33523.7
33523.7,33523.7
33523.7,33852.4
33523.7,34210.5
33523.7,34245
33523.7,35225.5
33523.7,34939.4
33523.7,33523.7
33523.7,33523.7
33523.7,34098.2
33523.7,33588.3
33523.7,34746.5
33523.7,34098.2
33523.7,34671.7
33523.7,34210.5
33523.7,33979.4
33523.7,33523.7
33523.7,33523.7
33523.7,34153.2
33523.7,33936.4
33523.7,33523.7
33523.7,33523.7
33523.7,33523.7
33523.7,34704.5
33523.7,33753.4
33523.7,33523.7
33523.7,33523.7
33523.7,33701.3
33523.7,34336.6
33523.7,33523.7
33523.7,33701.3
33523.7,33791.1
33523.7,34022.1
33523.7,34873.8
33523.7,36131.9
33523.7,34767.7
33523.7,33523.7
33523.7,34472.3
33523.7,34193.3
33523.7,34193.3
33523.7,35033.1
33523.7,33523.7
33523.7,33523.7
33523.7,34651.4
33523.7,34047.2
33523.7,34193.3
33523.7,34642.9
33523.7,33523.7
33523.7,34840
33523.7,34344.6
33523.7,33523.7
33523.7,36116.2
33523.7,34470.8
33523.7,34114.8
33523.7,33523.7
33523.7,34260.7
33523.7,33936.4
33523.7,35011.5
33523.7,35220.6
33523.7,34307.6
33523.7,34765.8
33523.7,33984.9
33523.7,34840
33523.7,35220.6
33523.7,33523.7
33523.7,33523.7
33523.7,33523.7
33523.7,35549.7
33523.7,33523.7
33523.7,33523.7
33523.7,34445.4
33523.7,33523.7
33523.7,33523.7
33523.7,33523.7
33523.7,33852.4
33523.7,34571.1
33523.7,34252.3
33523.7,33523.7
33523.7,35250.6
33523.7,34804.6
33523.7,34193.3
33523.7,34760.5
33523.7,33523.7
33523.7,33523.7
33523.7,34329.1
33523.7,36180.3
33523.7,34544.1
33523.7,33936.4
33523.7,33523.7
33523.7,34976.2
33523.7,33523.7
33523.7,34831.5
33523.7,33523.7
33523.7,33523.7
33523.7,33523.7
33523.7,33936.4
33523.7,33523.7
33523.7,33523.7
33523.7,34666.9
33523.7,33523.7
33523.7,33523.7
33523.7,34066.9
33523.7,34047.2
33523.7,33523.7
33523.7,34099.7
33523.7,33523.7
33523.7,33956.5
33523.7,33523.7
33523.7,33523.7
33523.7,34047.2
33523.7,33523.7
33523.7,34243.4
33523.7,34153.2
33523.7,34184.5
33523.7,34831.5
33523.7,35011
33523.7,33875.8
33523.7,35411.1
33523.7,34022.6
33523.7,34193.3
33523.7,34571.1
33523.7,33852.4
33523.7,34332.6
33523.7,33523.7
33523.7,33523.7
33523.7,33523.7
33523.7,33523.7
33523.7,34790.3
33523.7,34114.9
33523.7,33627.8
33523.7,34224.8
33523.7,33523.7
33523.7,34778.9
33523.7,34164.8
33523.7,34114.9
33523.7,34295.5
33523.7,33523.7
33523.7,33523.7
33523.7,34331.4
33523.7,35164.8
33523.7,33607.7
33523.7,34114.9
33523.7,33871.4
33523.7,34098.2
33523.7,34406
33523.7,35225.5
33523.7,35011.6
33523.7,33523.7
33523.7,33523.7
33523.7,33791.1
33523.7,33523.7
33523.7,33523.7
33523.7,34168.5
33523.7,34921.9
33523.7,33523.7
33523.7,33523.7
33523.7,34153.2
33523.7,33523.7
33523.7,35546
33523.7,33523.7
33523.7,35433
33523.7,33523.7
33523.7,33523.7
33523.7,33523.7
33523.7,34136.7
33523.7,34654.2
33523.7,33523.7
33523.7,35005.6
33523.7,34921.9
33523.7,34313.6
33523.7,33523.7
33523.7,34336.6
33523.7,34146.5
33523.7,35225.5
33523.7,34554
33523.7,33701.3
33523.7,33523.7
33523.7,35439.9
33523.7,33523.7
33523.7,34332.6
33523.7,33791.1
33523.7,34729
33523.7,34147.1
33523.7,33523.7
33523.7,33917.1
33523.7,34614.4
33523.7,33732.8
33523.7,34089
33523.7,33523.7
33523.7,33523.7
33523.7,33523.7
33523.7,34586.6
33523.7,35214.7
33523.7,34570.7
33523.7,33523.7
33523.7,34022.6
33523.7,33523.7
33523.7,33523.7
33523.7,34921.9
33523.7,34737.1
33523.7,34795
33523.7,34477.6
33523.7,33523.7
33523.7,33523.7
33523.7,33523.7
33523.7,34470.8
33523.7,33588.3
33523.7,33523.7
33523.7,34921.9
33523.7,34454.7
33523.7,33607.7
33523.7,34869.2
33523.7,33523.7
33523.7,33523.7
33523.7,33956.5
33523.7,33523.7
33523.7,34931.5
33523.7,33523.7
33523.7,33875.8
33523.7,34066.9
33523.7,34066.9
33523.7,34022.6
33523.7,34571.1
33523.7,33523.7
33523.7,34921.9
33523.7,33523.7
33523.7,35460.9
33523.7,35205.1
33523.7,34790.3
33523.7,33523.7
33523.7,33523.7
33523.7,34246.3
33523.7,34204.5
33523.7,33523.7
33523.7,33523.7
33523.7,34211.3
33523.7,34470.8
33523.7,33523.7
33523.7,33701.3
33523.7,34153.2
33523.7,33875.8
33523.7,33523.7
33523.7,35311.6
33523.7,33523.7
33523.7,33523.7
33523.7,33523.7
33523.7,33555.3
33523.7,34082.9
33523.7,34303.2
33523.7,34814
33523.7,33523.7
33523.7,33588.3
33523.7,33523.7
33523.7,33523.7
33523.7,35200.2
33523.7,35225.5
33523.7,33701.3
33523.7,33600.6
33523.7,33523.7
33523.7,33875.8
33523.7,33523.7
33523.7,33523.7
33523.7,33523.7
33523.7,33523.7
33523.7,34629.3
33523.7,33523.7
33523.7,34336.6
33523.7,33523.7
33523.7,34336.6
33523.7,33523.7
33523.7,34189.4
33523.7,34863.5
33523.7,33523.7
33523.7,34336.6
33523.7,34545.3
33523.7,38275.2
33523.7,33701.3
33523.7,33523.7
33523.7,33523.7
33523.7,33523.7
33523.7,33523.7
33523.7,33523.7
33523.7,35343.7
33523.7,33523.7
33523.7,33523.7
33523.7,35384.2
33523.7,34826.1
33523.7,33600.6
33523.7,33875.8
33523.7,33523.7
33523.7,33523.7
33523.7,34831.5
33523.7,34022.6
33523.7,33523.7
33523.7,33523.7
33523.7,33523.7
33523.7,34332.5
33523.7,34814
33523.7,33523.7
33523.7,33523.7
33523.7,34193.3
33523.7,33523.7
33523.7,33979.4
33523.7,33523.7
33523.7,35656.4
33523.7,33523.7
33523.7,34790.3
33523.7,33523.7
33523.7,33523.7
33523.7,34921.9
33523.7,35668.9
33523.7,33523.7
33523.7,33523.7
33523.7,34260.7
33523.7,34047.2
33523.7,33523.7
33523.7,33523.7
33523.7,33588.3
33523.7,33784
33523.7,33523.7
33523.7,34064.8
33523.7,35445.3
33523.7,33523.7
33523.7,33523.7
33523.7,34047.2
33523.7,34538.3
33523.7,34150.3
33523.7,34745.9
33523.7,35220.6
33523.7,33523.7
33523.7,34600.6
33523.7,33523.7
33523.7,33523.7
33523.7,33523.7
33523.7,34097.9
33523.7,34637.4
33523.7,34366.9
33523.7,33523.7
33523.7,34243.4
33523.7,35510.3
33523.7,34084.6
33523.7,33523.7
33523.7,33523.7
33523.7,33523.7
33523.7,33523.7
33523.7,33523.7
33523.7,34831.5
33523.7,35113.5
33523.7,34651.4
33523.7,33523.7
33523.7,35621.5
33523.7,35162.8
33523.7,34066.9
33523.7,35195.7
33523.7,34746.5
33523.7,33523.7
33523.7,34580.6
33523.7,33523.7
33523.7,34874.3
33523.7,34098.2
33523.7,33600.6
33523.7,35256
33523.7,33523.7
33523.7,33523.7
33523.7,34012.3
33523.7,34921.9
33523.7,37697.6
33523.7,34166.9
33523.7,33791.1
33523.7,33555.3
33523.7,34654.2
33523.7,33523.7
33523.7,33523.7
33523.7,34114.9
33523.7,33523.7
33523.7,34654.2
33523.7,34314
33523.7,34771.4
33523.7,33523.7
33523.7,34098.2
33523.7,34646.6
33523.7,34513
33523.7,34814
33523.7,33523.7
33523.7,33523.7
33523.7,34831.5
33523.7,33523.7
33523.7,34814
33523.7,34193.3
33523.7,34084.3
33523.7,34193.3
33523.7,34136.7
33523.7,33523.7
33523.7,34746.7
33523.7,33627.8
33523.7,33523.7
33523.7,33523.7
33523.7,33523.7
33523.7,34193.3
33523.7,34273.5
33523.7,34928.3
33523.7,33523.7
33523.7,33523.7
33523.7,33523.7
33523.7,33523.7
33523.7,33523.7
33523.7,34136.7
33523.7,34100.1
33523.7,34144.5
33523.7,34471.5
33523.7,33523.7
33523.7,36180.3
33523.7,34790.3
33523.7,33588.3
33523.7,34066.9
33523.7,34083.5
33523.7,33523.7
33523.7,33607.7
33523.7,33523.7
33523.7,33523.7
33523.7,35337.5
33523.7,33523.7
33523.7,33523.7
33523.7,34184.5
33523.7,34628.9
33523.7,36359.8
33523.7,33701.3
33523.7,34063.3
33523.7,33555.3
33523.7,34114.8
33523.7,34153.2
33523.7,33523.7
33523.7,33523.7
33523.7,36293.6
33523.7,34193.3
33523.7,33523.7
33523.7,33523.7
33523.7,33523.7
33523.7,33523.7
33523.7,33523.7
33523.7,33523.7
33523.7,33523.7
33523.7,34651.2
33523.7,33523.7
33523.7,34168.5
33523.7,35314
33523.7,33523.7
33523.7,35212.5
33523.7,34193.3
33523.7,33523.7
33523.7,33607.7
33523.7,33523.7
33523.7,33523.7
33523.7,33523.7
33523.7,34879.5
33523.7,33555.3
33523.7,33523.7
33523.7,33523.7
33523.7,33523.7
33523.7,35066
33523.7,34082.9
33523.7,35137.9
33523.7,34921.9
33523.7,34066.3
33523.7,34758.6
33523.7,33619.9
33523.7,33936.4
33523.7,33523.7
33523.7,34231
33523.7,35245.9
33523.7,33716.6
33523.7,33523.7
33523.7,33600.6
33523.7,33984.9
33523.7,35244.8
33523.7,33523.7
33523.7,34193.3
33523.7,33523.7
33523.7,34193.3
33523.7,33523.7
33523.7,33523.7
33523.7,34243.8
33523.7,33523.7
33523.7,33523.7
33523.7,33523.7
33523.7,33523.7
33523.7,34114.9
33523.7,33979.4
33523.7,33523.7
33523.7,34454.7
33523.7,35161
33523.7,33523.7
33523.7,33523.7
33523.7,33958.7
33523.7,33523.7
33523.7,33523.7
33523.7,33523.7
33523.7,33523.7
33523.7,33627.8
33523.7,34415.4
33523.7,33523.7
33523.7,34523.3
33523.7,33523.7
33523.7,35562.6
33523.7,34165.4
33523.7,34953.5
33523.7,34451.5
33523.7,34771.4
33523.7,33523.7
33523.7,35176
33523.7,33607.7
33523.7,33523.7
33523.7,33523.7
33523.7,34883.2
33523.7,35544.4
33523.7,33523.7
33523.7,34637.4
33523.7,33523.7
33523.7,33523.7
33523.7,34068.8
33523.7,33523.7
33523.7,33523.7
33523.7,33883.6
33523.7,34146.5
33523.7,34211.2
33523.7,33523.7
33523.7,33523.7
33523.7,34865.9
33523.7,33523.7
33523.7,33523.7
33523.7,34564.9
33523.7,34336.6
33523.7,33523.7
33523.7,34277.2
33523.7,33701.3
33523.7,33523.7
33523.7,33753.4
33523.7,33852.4
33523.7,33523.7
33523.7,33523.7
33523.7,33523.7
33523.7,34100.1
33523.7,34746.5
33523.7,33523.7
33523.7,33555.3
33523.7,34022.1
33523.7,34663.3
33523.7,34600.6
33523.7,33979.4
33523.7,33523.7
33523.7,33523.7
33523.7,33523.7
33523.7,33607.7
33523.7,33804.2
33523.7,33627.8
33523.7,34114.9
33523.7,33555.3
33523.7,34333.8
33523.7,33871.4
33523.7,35183.5
33523.7,33627.8
33523.7,34226.7
33523.7,34082.3
33523.7,33523.7
33523.7,33715.3
33523.7,33523.7
33523.7,33523.7
33523.7,33523.7
33523.7,33523.7
33523.7,33804.2
33523.7,33523.7
33523.7,33523.7
33523.7,33523.7
33523.7,34492.6
33523.7,34654.2
33523.7,33523.7
33523.7,33701.3
33523.7,33523.7
33523.7,33523.7
33523.7,33523.7
33523.7,33523.7
33523.7,34814
33523.7,33523.7
33523.7,33523.7
33523.7,33523.7
33523.7,33555.3
33523.7,33936.4
33523.7,34211.3
33523.7,33753.4
33523.7,33523.7
33523.7,34406
33523.7,34066.9
33523.7,33772.1
33523.7,33523.7
33523.7,33523.7
33523.7,33523.7
33523.7,34746.5
33523.7,33523.7
33523.7,33523.7
33523.7,33523.7
33523.7,34395.1
33523.7,34737.5
33523.7,33523.7
33523.7,35313.7
33523.7,33523.7
33523.7,34461.6
33523.7,34083.5
33523.7,34193.3
33523.7,33979.4
33523.7,33523.7
33523.7,34831.5
33523.7,33523.7
33523.7,34307.6
33523.7,35109.4
33523.7,34246.3
33523.7,33523.7
33523.7,33523.7
33523.7,33523.7
33523.7,34810.5
33523.7,33523.7
33523.7,34246.3
33523.7,33523.7
33523.7,35469.7
33523.7,33753.4
33523.7,34790.3
33523.7,33523.7
33523.7,33555.3
33523.7,33984.9
33523.7,35671.3
33523.7,33523.7
33523.7,34672.4
33523.7,33523.7
33523.7,34243.4
33523.7,33523.7
33523.7,33523.7
33523.7,33523.7
33523.7,33523.7
33523.7,33523.7
33523.7,33523.7
33523.7,34262.9
33523.7,34114.9
33523.7,34776.5
33523.7,34066.9
33523.7,33523.7
33523.7,34538.3
33523.7,34049.4
33523.7,33523.7
33523.7,33523.7
33523.7,33588.3
33523.7,33523.7
33523.7,34049.4
33523.7,34629.3
33523.7,33523.7
33523.7,33523.7
33523.7,34371.9
33523.7,33588.3
33523.7,33523.7
33523.7,33627.8
33523.7,34193.3
33523.7,34270.7
33523.7,33523.7
33523.7,33523.7
33523.7,33523.7
33523.7,34928.3
33523.7,33523.7
33523.7,33899.9
33523.7,33523.7
33523.7,34704.6
33523.7,33523.7
33523.7,33523.7
33523.7,35445.3
33523.7,33523.7
33523.7,33523.7
33523.7,34294.5
33523.7,33523.7
33523.7,34132.2
33523.7,34345.1
33523.7,33627.8
33523.7,33523.7
33523.7,34047.2
33523.7,34270.7
33523.7,33523.7
33523.7,34866.6
33523.7,35225.5
33523.7,33523.7
33523.7,33523.7
33523.7,33523.7
33523.7,33523.7
33523.7,33523.7
33523.7,33753.4
33523.7,33555.3
33523.7,34264.3
33523.7,34921.9
33523.7,33523.7
33523.7,33523.7
33523.7,33523.7
33523.7,33523.7
33523.7,34822.8
33523.7,34193.3
33523.7,33753.4
33523.7,34193.3
33523.7,33523.7
33523.7,34545.3
33523.7,33607.7
33523.7,34682.4
33523.7,34984.6
33523.7,33523.7
33523.7,33523.7
33523.7,33875.8
33523.7,34047.2
33523.7,34795
33523.7,33555.3
33523.7,33555.3
33523.7,35225.5
33523.7,33837.4
33523.7,34184.5
33523.7,33523.7
33523.7,34243.4
33523.7,33523.7
33523.7,34150.3
33523.7,33607.7
33523.7,34173.6
33523.7,35067.5
33523.7,34192.1
33523.7,33627.8
33523.7,33523.7
33523.7,33523.7
33523.7,33523.7
33523.7,33523.7
33523.7,33523.7
33523.7,34489.9
33523.7,34729
33523.7,34193.3
33523.7,34331.4
33523.7,33523.7
33523.7,34193.3
33523.7,33523.7
33523.7,34022.6
33523.7,33523.7
33523.7,33523.7
33523.7,34243.4
33523.7,33523.7
33523.7,34098.2
33523.7,34193.3
33523.7,35376
33523.7,37697.6
33523.7,35793.5
33523.7,34016.4
33523.7,35321.3
33523.7,33607.7
33523.7,34716.7
33523.7,33852.4
33523.7,34193.3
33523.7,33523.7
33523.7,33523.7
33523.7,34746.5
33523.7,34114.9
33523.7,33607.7
33523.7,33523.7
33523.7,35150.7
33523.7,33523.7
33523.7,34784.8
33523.7,33523.7
33523.7,33715.3
33523.7,33523.7
33523.7,34098.2
33523.7,34790.3
33523.7,34629.3
33523.7,33523.7
33523.7,34395.1
33523.7,35200
33523.7,33523.7
33523.7,33523.7
33523.7,34921.9
33523.7,34921.9
33523.7,33523.7
33523.7,34173.2
33523.7,33523.7
33523.7,33753.4
33523.7,34084.4
33523.7,33523.7
33523.7,34219.3
33523.7,34546.8
33523.7,35096.8
33523.7,33523.7
33523.7,33523.7
33523.7,34921.9
33523.7,33523.7
33523.7,33871.4
33523.7,33523.7
33523.7,34066.3
33523.7,34757.8
33523.7,33523.7
33523.7,33523.7
33523.7,35624
33523.7,33588.3
33523.7,34082.1
33523.7,33523.7
33523.7,34022.6
33523.7,33523.7
33523.7,33523.7
33523.7,33523.7
33523.7,34774.1
33523.7,33523.7
33523.7,35229
33523.7,34243.8
33523.7,33523.7
33523.7,34204.9
33523.7,33523.7
33523.7,33523.7
33523.7,33753.4
33523.7,34022.6
33523.7,34066.9
33523.7,34132.2
33523.7,33523.7
33523.7,33523.7
33523.7,34638.4
33523.7,35774.2
33523.7,33523.7
33523.7,33523.7
33523.7,34193.3
33523.7,33523.7
33523.7,34571.1
33523.7,35075.2
33523.7,35118.4
33523.7,33936.4
33523.7,33523.7
33523.7,33523.7
33523.7,33523.7
33523.7,33523.7
33523.7,33523.7
33523.7,33523.7
33523.7,34955.5
33523.7,35172
33523.7,33523.7
33523.7,35068.2
33523.7,34098.2
33523.7,34470.8
33523.7,35698.5
33523.7,33875.8
33523.7,33523.7
33523.7,34114.9
33523.7,35190.2
33523.7,33523.7
33523.7,34544.1
33523.7,33753.4
33523.7,33523.7
33523.7,33523.7
33523.7,33523.7
33523.7,33523.7
33523.7,33523.7
33523.7,33984.9
33523.7,33588.3
33523.7,34461.6
33523.7,34921.9
33523.7,34193.3
33523.7,33523.7
33523.7,34629.3
33523.7,34628
33523.7,34114.9
33523.7,33871.4
33523.7,33523.7
33523.7,33523.7
33523.7,33627.8
33523.7,33701.3
33523.7,33523.7
33523.7,33523.7
33523.7,34921.9
33523.7,33523.7
33523.7,34193.3
33523.7,35624
33523.7,33523.7
33523.7,33523.7
33523.7,34538.3
33523.7,33523.7
33523.7,34800.1
33523.7,33523.7
33523.7,34193.3
33523.7,35071
33523.7,35109.7
33523.7,34252.3
33523.7,33523.7
33523.7,33523.7
33523.7,34470.8
33523.7,33523.7
33523.7,33753.4
33523.7,33588.3
33523.7,33523.7
33523.7,33607.7
33523.7,33523.7
33523.7,33523.7
33523.7,33523.7
33523.7,33523.7
33523.7,34831.5
33523.7,33523.7
33523.7,34472.3
33523.7,33915.2
33523.7,34193.3
33523.7,34921.9
33523.7,33523.7
33523.7,34246.3
33523.7,34767.7
33523.7,34336.6
33523.7,33523.7
33523.7,34629.3
33523.7,33523.7
33523.7,34408.1
33523.7,33523.7
33523.7,33523.7
33523.7,35742.5
33523.7,34314
33523.7,33523.7
33523.7,33523.7
33523.7,35093.3
33523.7,33875.8
33523.7,34306.4
33523.7,33523.7
33523.7,33523.7
33523.7,33523.7
33523.7,33523.7
33523.7,33523.7
33523.7,34097.6
33523.7,33523.7
33523.7,34193.3
33523.7,33523.7
33523.7,34150.3
33523.7,33555.3
33523.7,34869.2
33523.7,33523.7
33523.7,33753.4
33523.7,33523.7
33523.7,34098.2
33523.7,33523.7
33523.7,35419.6
33523.7,34679.3
33523.7,33523.7
33523.7,33523.7
33523.7,33523.7
33523.7,35483
33523.7,33523.7
33523.7,33523.7
33523.7,33523.7
33523.7,34790.3
33523.7,33523.7
33523.7,34114.9
33523.7,33523.7
33523.7,33523.7
33523.7,34353.4
33523.7,35445.3
33523.7,33523.7
33523.7,33523.7
33523.7,33523.7
33523.7,36433.7
33523.7,33523.7
33523.7,34910.9
33523.7,33523.7
33523.7,34193.3
33523.7,34489.9
33523.7,33871.4
33523.7,34587.5
33523.7,33523.7
33523.7,34098.2
33523.7,36037.9
33523.7,35113.5
33523.7,34437.2
33523.7,33523.7
33523.7,33607.7
33523.7,35005.9
33523.7,33607.7
33523.7,33607.7
33523.7,33523.7
33523.7,33523.7
33523.7,33523.7
33523.7,35225.5
33523.7,33523.7
33523.7,34842
33523.7,34890.3
33523.7,33523.7
33523.7,34098.2
33523.7,33523.7
33523.7,33523.7
33523.7,33899.9
33523.7,36632.3
33523.7,34098.2
33523.7,33871.4
33523.7,33523.7
33523.7,35081
33523.7,34347.1
33523.7,33523.7
33523.7,33523.7
33523.7,33936.4
33523.7,34042.4
33523.7,33588.3
33523.7,34246.3
33523.7,36111.2
33523.7,33523.7
33523.7,33523.7
33523.7,34098.2
33523.7,33523.7
33523.7,33523.7
33523.7,33523.7
33523.7,34377.5
33523.7,33523.7
33523.7,34332.5
33523.7,33627.8
33523.7,34047.2
33523.7,34931.5
33523.7,33523.7
33523.7,33523.7
33523.7,33523.7
33523.7,33523.7
33523.7,34660.8
33523.7,33523.7
33523.7,34814
33523.7,35290.2
33523.7,33523.7
33523.7,33523.7
33523.7,34132.3
33523.7,34233.1
33523.7,33607.7
33523.7,34778.9
33523.7,33588.3
33523.7,33523.7
33523.7,33523.7
33523.7,33523.7
33523.7,34051.3
33523.7,33523.7
33523.7,34260.7
33523.7,33523.7
33523.7,34066.9
33523.7,34921.3
33523.7,33523.7
33523.7,34060.7
33523.7,34519.2
33523.7,34487.9
33523.7,34089
33523.7,33523.7
33523.7,34756.5
33523.7,33523.7
33523.7,35043.8
33523.7,33875.8
33523.7,33523.7
33523.7,34211.2
33523.7,35395.7
33523.7,34795
33523.7,33523.7
33523.7,33523.7
33523.7,33523.7
33523.7,33523.7
33523.7,33588.3
33523.7,33523.7
33523.7,33523.7
33523.7,34537.7
33523.7,34010.6
33523.7,33875.8
33523.7,33523.7
33523.7,33588.3
33523.7,33588.3
33523.7,34628.9
33523.7,33523.7
33523.7,34571.1
33523.7,33523.7
33523.7,33899.9
33523.7,33588.3
33523.7,33523.7
33523.7,34193.3
33523.7,33956.5
33523.7,33523.7
33523.7,34114.9
33523.7,34173.2
33523.7,33523.7
33523.7,33523.7
33523.7,33627.8
33523.7,33871.4
33523.7,33523.7
33523.7,33523.7
33523.7,33523.7
33523.7,33523.7
33523.7,33523.7
33523.7,34959.6
33523.7,34781
33523.7,34915.8
33523.7,33523.7
33523.7,33523.7
33523.7,34745.7
33523.7,33523.7
33523.7,34554
33523.7,34454.7
33523.7,33523.7
33523.7,33523.7
33523.7,34790.3
33523.7,36664.9
33523.7,33523.7
33523.7,34082.9
33523.7,35040.2
33523.7,33753.4
33523.7,34921.9
33523.7,35205.1
33523.7,33523.7
33523.7,34831.5
33523.7,34867
33523.7,33523.7
33523.7,34153.2
33523.7,34360
33523.7,33523.7
33523.7,35050.6
33523.7,33523.7
33523.7,34544.8
33523.7,33871.4
33523.7,33523.7
33523.7,33523.7
33523.7,33523.7
33523.7,33588.3
33523.7,33523.7
33523.7,35114.7
33523.7,33523.7
33523.7,34921.9
33523.7,34642.5
33523.7,34243.4
33523.7,34184.5
33523.7,33627.8
33523.7,33523.7
33523.7,33523.7
33523.7,33523.7
33523.7,33523.7
33523.7,34100.1
33523.7,33523.7
33523.7,33523.7
33523.7,33523.7
33523.7,34809.1
33523.7,33523.7
33523.7,35250.5
33523.7,34556.9
33523.7,33523.7
33523.7,33523.7
33523.7,34132.2
33523.7,33627.8
33523.7,34353.4
33523.7,34193.3
33523.7,34629.3
33523.7,34545.3
33523.7,33523.7
33523.7,33875.8
33523.7,34418.7
33523.7,33523.7
33523.7,34840
33523.7,33523.7
33523.7,33523.7
33523.7,33852.4
33523.7,33523.7
33523.7,33523.7
33523.7,34441.1
33523.7,35654
33523.7,33523.7
33523.7,33523.7
33523.7,34010.6
33523.7,33607.7
33523.7,33523.7
33523.7,34729.6
33523.7,33857.5
33523.7,35059.2
33523.7,33523.7
33523.7,34879.5
33523.7,34022.6
33523.7,33523.7
33523.7,33627.8
33523.7,35161.4
33523.7,33791.1
33523.7,33523.7
33523.7,34114.9
33523.7,33523.7
33523.7,33871.4
33523.7,34336.6
33523.7,34790.3
33523.7,34132.2
33523.7,34776.5
33523.7,33523.7
33523.7,34089
33523.7,34746.7
33523.7,33523.7
33523.7,33523.7
33523.7,34654.2
33523.7,33523.7
33523.7,33588.3
33523.7,34184.5
33523.7,33523.7
33523.7,33588.3
33523.7,34098.2
33523.7,33607.7
33523.7,33523.7
33523.7,33523.7
33523.7,33523.7
33523.7,34258.1
33523.7,34746.5
33523.7,33523.7
33523.7,35040.2
33523.7,34066.9
33523.7,34336.6
33523.7,33523.7
33523.7,33523.7
33523.7,34657.6
33523.7,33523.7
33523.7,33627.8
33523.7,33753.4
33523.7,35461.5
33523.7,34022.6
33523.7,38275.2
33523.7,33588.3
33523.7,34545.3
33523.7,33523.7
33523.7,34098.2
33523.7,34663.3
33523.7,35225.5
33523.7,33523.7
33523.7,38075.9
33523.7,34790.3
33523.7,33701.3
33523.7,33607.7
33523.7,34938.9
33523.7,34193.3
33523.7,35266.8
33523.7,34878.9
33523.7,33523.7
33523.7,33523.7
33523.7,33523.7
33523.7,34921.9
33523.7,33555.3
33523.7,33979.4
33523.7,34444.1
33523.7,33555.3
33523.7,34638
33523.7,34114.9
33523.7,33523.7
33523.7,33523.7
33523.7,35729.3
33523.7,34826.1
33523.7,34729.6
33523.7,34657.8
33523.7,34502.3
33523.7,33523.7
33523.7,35097.5
33523.7,34273.5
33523.7,33523.7
33523.7,33875.8
33523.7,33523.7
33523.7,33627.8
33523.7,33523.7
33523.7,33984.9
33523.7,34946.5
33523.7,33607.7
33523.7,33523.7
33523.7,34168.5
33523.7,33523.7
33523.7,34371.9
33523.7,33523.7
33523.7,33523.7
33523.7,33523.7
33523.7,33523.7
33523.7,33523.7
33523.7,34830.5
33523.7,34357.2
33523.7,34781.3
33523.7,34290.1
33523.7,35014.6
33523.7,34291
33523.7,35114.7
33523.7,33523.7
33523.7,34211.7
33523.7,33523.7
33523.7,33523.7
33523.7,33984.9
33523.7,33523.7
33523.7,33523.7
33523.7,33701.3
33523.7,33555.3
33523.7,36280.8
33523.7,33979.4
33523.7,33523.7
33523.7,33523.7
33523.7,35040.2
33523.7,37053.7
33523.7,33523.7
33523.7,35335.2
33523.7,33523.7
33523.7,34810.5
33523.7,34115.2
33523.7,33523.7
33523.7,33523.7
33523.7,34723.7
33523.7,33523.7
33523.7,34193.3
33523.7,33852.4
33523.7,33523.7
33523.7,33523.7
33523.7,33852.4
33523.7,34193.3
33523.7,33523.7
33523.7,33523.7
33523.7,34538.1
33523.7,35495
33523.7,34746.5
33523.7,33523.7
33523.7,33607.7
33523.7,33523.7
33523.7,34830.5
33523.7,35298.9
33523.7,33791.1
33523.7,34246.3
33523.7,34022.6
33523.7,34472.3
33523.7,34345
33523.7,33523.7
33523.7,33659.4
33523.7,33523.7
33523.7,33523.7
33523.7,33984.9
33523.7,34193.3
33523.7,33979.4
33523.7,33903
33523.7,34082.9
33523.7,35647.3
33523.7,33523.7
33523.7,33523.7
33523.7,33523.7
33523.7,33523.7
33523.7,33523.7
33523.7,34509
33523.7,33523.7
33523.7,33523.7
33523.7,34831.5
33523.7,34851
33523.7,33523.7
33523.7,34921.9
33523.7,33871.4
33523.7,33523.7
33523.7,33523.7
33523.7,34098.2
33523.7,34372.5
33523.7,33523.7
33523.7,33523.7
33523.7,34297.4
33523.7,33523.7
33523.7,33523.7
33523.7,33523.7
33523.7,33936.4
33523.7,34928.3
33523.7,34045.1
33523.7,34047.2
33523.7,34238.7
33523.7,33523.7
33523.7,34336.6
33523.7,33588.3
33523.7,34357.2
33523.7,33627.8
33523.7,33607.7
33523.7,33588.3
33523.7,34814
33523.7,33523.7
33523.7,34165.4
33523.7,34236.4
33523.7,33523.7
33523.7,33523.7
33523.7,34489.9
33523.7,33523.7
33523.7,33831.7
33523.7,33523.7
33523.7,33523.7
33523.7,34826.1
33523.7,33523.7
33523.7,34614.4
33523.7,33523.7
33523.7,34734.4
33523.7,33607.7
33523.7,34246.3
33523.7,33523.7
33523.7,33523.7
33523.7,35321.3
33523.7,34243.8
33523.7,34190.8
33523.7,34165.4
33523.7,33523.7
33523.7,33523.7
33523.7,33523.7
33523.7,34709.6
33523.7,34780.5
33523.7,33523.7
33523.7,33523.7
33523.7,35618.5
33523.7,33523.7
33523.7,35715.3
33523.7,33523.7
33523.7,33523.7
33523.7,35005.9
33523.7,34336.9
33523.7,33753.4
33523.7,34444
33523.7,35255.7
33523.7,33523.7
33523.7,33607.7
33523.7,33523.7
33523.7,35958.4
33523.7,33523.7
33523.7,34523.3
33523.7,33523.7
33523.7,33523.7
33523.7,33523.7
33523.7,33523.7
33523.7,33523.7
33523.7,33588.3
33523.7,33523.7
33523.7,33523.7
33523.7,33523.7
33523.7,33607.7
33523.7,33701.3
33523.7,33523.7
33523.7,33523.7
33523.7,34686.3
33523.7,33884
33523.7,34088.1
33523.7,34981.3
33523.7,34246.3
33523.7,33523.7
33523.7,33523.7
33523.7,34921.9
33523.7,33523.7
33523.7,34544.8
33523.7,34921.9
33523.7,34921.9
33523.7,33523.7
33523.7,34198.5
33523.7,34663.3
33523.7,36961.4
33523.7,33523.7
33523.7,34020.2
33523.7,33523.7
33523.7,34193.3
33523.7,34504.7
33523.7,34525.1
33523.7,33523.7
33523.7,33523.7
33523.7,33871.4
33523.7,33523.7
33523.7,35206.6
33523.7,34168.5
33523.7,33523.7
33523.7,34150.3
33523.7,35096.8
33523.7,34790.3
33523.7,33523.7
33523.7,34653.5
33523.7,33523.7
33523.7,33523.7
33523.7,33523.7
33523.7,33523.7
33523.7,33523.7
33523.7,33523.7
33523.7,34496.6
33523.7,33523.7
33523.7,33523.7
33523.7,33523.7
33523.7,33523.7
33523.7,34814
33523.7,33523.7
33523.7,34273.5
33523.7,33523.7
33523.7,36768.5
33523.7,34553.4
33523.7,34461.6
33523.7,34866.6
33523.7,35017.4
33523.7,34796.1
33523.7,33837.4
33523.7,33523.7
33523.7,34193.3
33523.7,33523.7
33523.7,35472.9
33523.7,34790.3
33523.7,33523.7
33523.7,33523.7
33523.7,34385
33523.7,34629.3
33523.7,34291
33523.7,33523.7
33523.7,35585.7
33523.7,34336.6
33523.7,34210.5
33523.7,33523.7
33523.7,34823.9
33523.7,33523.7
33523.7,33523.7
33523.7,33523.7
33523.7,34826.1
33523.7,33523.7
33523.7,33523.7
33523.7,34165.4
33523.7,34812.9
33523.7,34332.6
33523.7,34047.2
33523.7,33523.7
33523.7,34204.5
33523.7,34099.4
33523.7,33523.7
33523.7,33523.7
33523.7,35092
33523.7,34193.3
33523.7,33523.7
33523.7,33523.7
33523.7,33523.7
33523.7,34114.9
33523.7,34377.5
33523.7,35014.6
33523.7,33523.7
33523.7,34153.2
33523.7,34332.5
33523.7,33523.7
33523.7,33875.8
33523.7,33523.7
33523.7,33523.7
33523.7,34168.5
33523.7,34914.4
33523.7,34164.8
33523.7,33523.7
33523.7,33523.7
33523.7,33523.7
33523.7,33523.7
33523.7,35011.6
33523.7,34541
33523.7,34564.9
33523.7,33523.7
33523.7,33523.7
33523.7,33523.7
33523.7,34831.5
33523.7,33523.7
33523.7,35113.5
33523.7,35780.4
33523.7,33523.7
33523.7,33523.7
33523.7,35536.2
33523.7,34746.5
33523.7,34193.3
33523.7,33523.7
33523.7,34238.7
33523.7,33523.7
33523.7,38275.2
33523.7,33523.7
33523.7,33523.7
33523.7,33588.3
33523.7,34084.4
33523.7,34246.3
33523.7,34564.9
33523.7,34555.8
33523.7,34652.9
33523.7,33523.7
33523.7,34089
33523.7,34193.3
33523.7,33523.7
33523.7,33523.7
33523.7,33523.7
33523.7,34405.4
33523.7,33607.7
33523.7,33523.7
33523.7,33523.7
33523.7,33523.7
33523.7,35828.4
33523.7,34190.8
33523.7,33523.7
33523.7,33523.7
33523.7,34022.6
33523.7,33523.7
33523.7,33523.7
33523.7,33523.7
33523.7,33523.7
33523.7,33523.7
33523.7,34818.6
33523.7,34084.3
33523.7,34022.6
33523.7,33523.7
33523.7,33523.7
33523.7,33523.7
33523.7,33659.4
33523.7,33523.7
33523.7,33523.7
33523.7,34193.3
33523.7,33523.7
33523.7,34800.4
33523.7,33523.7
33523.7,33952.7
33523.7,34921.9
33523.7,34557
33523.7,34629.3
33523.7,34226.5
33523.7,33523.7
33523.7,34193.3
33523.7,35110.1
33523.7,33523.7
33523.7,33523.7
33523.7,33588.3
33523.7,34653.7
33523.7,34063.3
33523.7,34193.3
33523.7,33523.7
33523.7,33523.7
33523.7,33523.7
33523.7,33871.4
33523.7,33588.3
33523.7,33523.7
33523.7,33523.7
33523.7,33523.7
33523.7,33523.7
33523.7,33979.4
33523.7,34445.4
33523.7,34737.5
33523.7,33523.7
33523.7,34800.8
33523.7,34153.2
33523.7,34068.8
33523.7,33523.7
33523.7,34890.3
33523.7,33523.7
33523.7,34539
33523.7,33523.7
33523.7,34193.3
33523.7,34823.1
33523.7,33588.3
33523.7,34193.3
33523.7,34108.2
33523.7,34470.8
33523.7,33523.7
33523.7,33875.8
33523.7,33523.7
33523.7,33523.7
33523.7,33523.7
33523.7,36051.4
33523.7,33523.7
33523.7,33871.4
33523.7,33523.7
33523.7,34030
33523.7,33523.7
33523.7,34336.6
33523.7,34588.3
33523.7,33523.7
33523.7,34645.1
33523.7,33523.7
33523.7,33523.7
33523.7,34098.2
33523.7,33871.4
33523.7,35246.6
33523.7,34193.3
33523.7,35137.9
33523.7,35082
33523.7,34826.1
33523.7,33831.7
33523.7,35066
33523.7,35251.4
33523.7,33523.7
33523.7,34193.3
33523.7,34699.4
33523.7,34193.3
33523.7,34814
33523.7,35011.5
33523.7,35113.5
33523.7,33523.7
33523.7,33523.7
33523.7,34336.6
33523.7,34084.3
33523.7,33627.8
33523.7,33523.7
33523.7,33523.7
33523.7,33627.8
33523.7,35250.5
33523.7,33523.7
33523.7,33523.7
33523.7,33523.7
33523.7,33523.7
33523.7,34795
33523.7,34565.5
33523.7,35926.1
33523.7,33523.7
33523.7,33523.7
33523.7,33607.7
33523.7,34814
33523.7,34723.7
33523.7,34020.9
33523.7,33523.7
33523.7,33523.7
33523.7,33523.7
33523.7,33627.8
33523.7,34614.4
33523.7,33701.3
33523.7,33523.7
33523.7,33868.7
33523.7,33555.3
33523.7,36885.1
33523.7,34166.9
33523.7,33523.7
33523.7,34082.9
33523.7,33627.8
33523.7,33523.7
33523.7,33523.7
33523.7,34088.1
33523.7,33523.7
33523.7,34047.2
33523.7,34098.2
33523.7,33523.7
33523.7,34153.2
33523.7,33523.7
33523.7,33523.7
33523.7,33523.7
33523.7,33523.7
33523.7,34790.3
33523.7,34924.7
33523.7,33659.4
33523.7,35251.4
33523.7,33523.7
33523.7,33523.7
33523.7,33523.7
33523.7,33523.7
33523.7,33523.7
33523.7,33523.7
33523.7,34921.9
33523.7,34336.9
33523.7,34795
33523.7,33523.7
33523.7,33523.7
33523.7,33523.7
33523.7,35331
33523.7,33523.7
33523.7,34866.6
33523.7,34082.9
33523.7,35441.7
33523.7,33607.7
33523.7,33523.7
33523.7,33523.7
33523.7,34129.6
33523.7,33523.7
33523.7,33523.7
33523.7,33523.7
33523.7,33523.7
33523.7,33523.7
33523.7,34545.3
33523.7,34538.1
33523.7,33588.3
33523.7,34204.5
33523.7,33523.7
33523.7,34353.4
33523.7,35434.3
33523.7,33523.7
33523.7,33523.7
33523.7,33523.7
33523.7,33607.7
33523.7,33523.7
33523.7,33875.8
33523.7,33627.8
33523.7,34063.3
33523.7,33523.7
33523.7,34193.3
33523.7,35715.3
33523.7,35732.2
33523.7,34921.9
33523.7,35640.9
33523.7,35131.8
33523.7,33716.6
33523.7,33523.7
33523.7,33523.7
33523.7,33523.7
33523.7,33523.7
33523.7,33523.7
33523.7,33945
33523.7,35128.7
33523.7,34921.9
33523.7,35043.8
33523.7,33523.7
33523.7,33523.7
33523.7,34781.4
33523.7,34114.9
33523.7,33523.7
33523.7,33523.7
33523.7,34098.2
33523.7,34114.9
33523.7,34595.4
33523.7,33984.9
33523.7,33701.3
33523.7,36512.2
33523.7,33523.7
33523.7,35506.5
33523.7,33523.7
33523.7,33523.7
33523.7,34290.1
33523.7,36098.2
33523.7,33523.7
33523.7,33523.7
33523.7,34454.7
33523.7,34565.5
33523.7,34949.8
33523.7,35042.6
33523.7,33523.7
33523.7,33523.7
33523.7,33523.7
33523.7,33523.7
33523.7,33883.6
33523.7,33523.7
33523.7,33523.7
33523.7,35133.8
33523.7,33523.7
33523.7,33523.7
33523.7,34098.2
33523.7,34345.1
33523.7,34746.5
33523.7,33607.7
33523.7,33523.7
33523.7,33523.7
33523.7,33523.7
33523.7,33523.7
33523.7,35011.6
33523.7,34879.5
33523.7,33957.4
33523.7,34646.4
33523.7,33523.7
33523.7,34571.1
33523.7,33523.7
33523.7,33607.7
33523.7,35734.8
33523.7,34307.6
33523.7,34632
33523.7,33607.7
33523.7,38075.9
33523.7,35445.3
33523.7,33523.7
33523.7,34671.6
33523.7,34790.3
33523.7,34114.9
33523.7,35445.3
33523.7,35647.3
33523.7,33523.7
33523.7,33523.7
33523.7,33555.3
33523.7,33523.7
33523.7,33523.7
33523.7,34674.4
33523.7,34814
33523.7,33523.7
33523.7,34628.9
33523.7,35937
33523.7,34826.1
33523.7,33831.7
33523.7,33600.6
33523.7,33555.3
33523.7,33523.7
33523.7,34437.2
33523.7,33523.7
33523.7,33975
33523.7,34193.3
33523.7,34193.3
33523.7,33523.7
33523.7,34538.3
33523.7,33523.7
33523.7,33523.7
33523.7,33523.7
33523.7,35133.8
33523.7,33523.7
33523.7,34415.4
33523.7,33523.7
33523.7,33523.7
33523.7,34921.9
33523.7,33523.7
33523.7,33936.4
33523.7,33523.7
33523.7,33523.7
33523.7,33523.7
33523.7,33753.4
33523.7,33523.7
33523.7,34132.3
33523.7,34921.9
33523.7,33523.7
33523.7,35109.7
33523.7,34190.8
33523.7,35187.2
33523.7,34921.9
33523.7,34646.4
33523.7,34010.6
33523.7,33523.7
33523.7,33523.7
33523.7,34562.8
33523.7,34994.2
33523.7,33523.7
33523.7,33523.7
33523.7,34243.4
33523.7,33523.7
33523.7,33600.6
33523.7,34814
33523.7,33523.7
33523.7,33716.6
33523.7,35329.9
33523.7,33639.3
33523.7,34683.8
33523.7,34831.5
33523.7,34663.3
33523.7,34878.9
33523.7,34089
33523.7,34114.9
33523.7,33523.7
33523.7,35411.7
33523.7,33852.4
33523.7,33523.7
33523.7,33523.7
33523.7,33701.3
33523.7,35692.8
33523.7,33523.7
33523.7,34497.2
33523.7,34854.4
33523.7,35257.3
33523.7,33523.7
33523.7,34270.7
33523.7,34474.2
33523.7,33523.7
33523.7,35075.2
33523.7,33523.7
33523.7,34365.2
33523.7,34252.3
33523.7,34539
33523.7,34538.3
33523.7,33607.7
33523.7,34776.5
33523.7,33523.7
33523.7,33523.7
33523.7,33523.7
33523.7,34372.5
33523.7,33523.7
33523.7,34117.8
33523.7,33523.7
33523.7,33523.7
33523.7,35459.6
33523.7,34307.6
33523.7,33732.8
33523.7,34492.4
33523.7,33523.7
33523.7,33523.7
33523.7,34921.9
33523.7,33875.8
33523.7,33523.7
33523.7,33871.4
33523.7,34539
33523.7,35282.8
33523.7,34153.2
33523.7,33875.8
33523.7,34193.3
33523.7,34915.8
33523.7,35470.9
33523.7,34114.9
33523.7,33523.7
33523.7,33523.7
33523.7,33627.8
33523.7,34098.2
33523.7,33523.7
33523.7,34022.6
33523.7,34454.7
33523.7,33523.7
33523.7,33523.7
33523.7,34246.3
33523.7,34638
33523.7,33523.7
33523.7,34721.3
33523.7,33523.7
33523.7,34164.8
33523.7,33523.7
33523.7,33984.9
33523.7,33523.7
33523.7,34790.3
33523.7,35445.3
33523.7,34047.2
33523.7,34082.9
33523.7,33523.7
33523.7,34366.9
33523.7,33523.7
33523.7,33600.6
33523.7,33753.4
33523.7,34377.5
33523.7,34343.4
33523.7,33555.3
33523.7,33523.7
33523.7,34921.9
33523.7,34756.6
33523.7,33627.8
33523.7,33523.7
33523.7,33607.7
33523.7,34783.1
33523.7,33523.7
33523.7,33979.4
33523.7,34204.5
33523.7,33523.7
33523.7,33523.7
33523.7,34083.5
33523.7,33523.7
33523.7,35104
33523.7,35515.3
33523.7,33639.3
33523.7,35225.5
33523.7,33523.7
33523.7,34803.7
33523.7,33523.7
33523.7,35653.4
33523.7,33607.7
33523.7,33523.7
33523.7,35377.6
33523.7,33523.7
33523.7,33607.7
33523.7,33979.4
33523.7,34565.5
33523.7,33523.7
33523.7,33523.7
33523.7,33701.3
33523.7,33917.1
33523.7,34022.6
33523.7,35020
33523.7,33523.7
33523.7,34470.8
33523.7,34047.2
33523.7,33523.7
33523.7,33936.4
33523.7,33523.7
33523.7,34556.9
33523.7,34246.3
33523.7,34539
33523.7,34802.8
33523.7,34382.9
33523.7,33753.4
33523.7,34812.9
33523.7,34921.9
33523.7,33979.4
33523.7,33523.7
33523.7,33523.7
33523.7,34748.3
33523.7,33523.7
33523.7,35043.8
33523.7,33523.7
33523.7,34790.3
33523.7,34508.3
33523.7,33523.7
33523.7,34933.3
33523.7,33523.7
33523.7,35022.1
33523.7,33523.7
33523.7,33607.7
33523.7,34010.6
33523.7,33701.3
33523.7,33936.4
33523.7,34561.3
33523.7,33984.9
33523.7,34331.4
33523.7,35445.3
33523.7,33791.1
33523.7,35009.3
33523.7,35891.8
33523.7,33523.7
33523.7,33523.7
33523.7,33523.7
33523.7,33523.7
33523.7,33523.7
33523.7,34066.3
33523.7,33523.7
33523.7,33523.7
33523.7,33523.7
33523.7,35439.9
33523.7,34010.6
33523.7,33523.7
33523.7,33523.7
33523.7,35033.1
33523.7,34098.2
33523.7,33523.7
33523.7,33523.7
33523.7,34814
33523.7,33523.7
33523.7,33523.7
33523.7,33831.7
33523.7,33523.7
33523.7,33588.3
33523.7,34699.4
33523.7,34582.6
33523.7,34412.8
33523.7,33523.7
33523.7,33523.7
33523.7,33523.7
33523.7,34193.3
33523.7,33523.7
33523.7,34060.7
33523.7,33607.7
33523.7,33523.7
33523.7,33523.7
33523.7,33607.7
33523.7,34746.5
33523.7,33588.3
33523.7,34114.9
33523.7,34782
33523.7,33523.7
33523.7,34190.8
33523.7,33907.3
33523.7,33523.7
33523.7,34477.9
33523.7,33523.7
33523.7,34066.9
33523.7,34193.3
33523.7,34047.2
33523.7,34814
33523.7,34114.5
33523.7,34418.1
33523.7,34043.5
33523.7,33523.7
33523.7,34108.2
33523.7,33523.7
33523.7,34778.9
33523.7,34246.3
33523.7,34243.4
33523.7,33701.3
33523.7,34833.6
33523.7,34614.4
33523.7,33523.7
33523.7,33966.1
33523.7,34114.9
33523.7,33523.7
33523.7,34790.3
33523.7,33523.7
33523.7,33523.7
33523.7,33523.7
33523.7,34193.3
33523.7,33523.7
33523.7,34211.3
33523.7,33523.7
33523.7,33523.7
33523.7,33523.7
33523.7,34153.2
33523.7,33523.7
33523.7,34366.9
33523.7,33523.7
33523.7,33523.7
33523.7,33523.7
33523.7,33701.3
33523.7,33523.7
33523.7,33523.7
33523.7,34538.3
33523.7,33523.7
33523.7,34115.2
33523.7,33523.7
33523.7,33523.7
33523.7,34884.6
33523.7,34336.6
33523.7,34066.9
33523.7,33523.7
33523.7,33523.7
33523.7,33523.7
33523.7,35113.5
33523.7,33523.7
33523.7,33523.7
33523.7,34921.9
33523.7,34454.7
33523.7,33523.7
33523.7,33523.7
33523.7,35506.2
33523.7,33523.7
33523.7,33523.7
33523.7,33523.7
33523.7,33523.7
33523.7,35240.1
33523.7,33701.3
33523.7,33523.7
33523.7,33523.7
33523.7,33523.7
33523.7,33607.7
33523.7,33875.8
33523.7,33523.7
33523.7,33523.7
33523.7,33523.7
33523.7,34098.2
33523.7,36064.5
33523.7,33523.7
33523.7,35459.6
33523.7,35241.8
33523.7,33523.7
33523.7,33523.7
33523.7,34353.4
33523.7,33523.7
33523.7,34084.3
33523.7,34795
33523.7,33871.4
33523.7,33627.8
33523.7,33523.7
33523.7,33523.7
33523.7,34336.6
33523.7,33899.9
33523.7,33875.8
33523.7,33523.7
33523.7,33523.7
33523.7,34173.6
33523.7,34614.4
33523.7,33523.7
33523.7,33555.3
33523.7,33523.7
33523.7,33607.7
33523.7,34246.3
33523.7,34193.3
33523.7,34737.5
33523.7,34022.1
33523.7,34223.9
33523.7,33523.7
33523.7,33523.7
33523.7,35674.2
33523.7,33523.7
33523.7,33523.7
33523.7,34921.9
33523.7,33523.7
33523.7,33523.7
33523.7,33627.8
33523.7,33791.1
33523.7,33523.7
33523.7,33588.3
33523.7,33523.7
33523.7,33523.7
33523.7,34921.9
33523.7,34150.3
33523.7,33523.7
33523.7,33523.7
33523.7,34047.2
33523.7,34921.9
33523.7,33523.7
33523.7,34260.7
33523.7,33523.7
33523.7,35136.9
33523.7,33523.7
33523.7,35411.1
33523.7,33523.7
33523.7,35439.9
33523.7,33523.7
33523.7,34336.6
33523.7,34318.5
33523.7,33523.7
33523.7,35434.3
33523.7,33523.7
33523.7,33555.3
33523.7,35958.4
33523.7,34671.7
33523.7,35014.6
33523.7,34184.5
33523.7,34671.7
33523.7,33523.7
33523.7,33523.7
33523.7,33523.7
33523.7,33523.7
33523.7,34098.5
33523.7,33523.7
33523.7,35001.1
33523.7,33979.4
33523.7,33523.7
33523.7,34022.6
33523.7,33523.7
33523.7,33716.6
33523.7,33936.4
33523.7,34084.3
33523.7,33523.7
33523.7,34921.9
33523.7,34544.8
33523.7,34168.5
33523.7,34415.4
33523.7,34245
33523.7,33523.7
33523.7,33523.7
33523.7,35364.7
33523.7,34098.2
33523.7,34273.5
33523.7,33523.7
33523.7,33523.7
33523.7,33523.7
33523.7,34629.3
33523.7,33523.7
33523.7,33523.7
33523.7,34921.9
33523.7,34114.9
33523.7,34921.9
33523.7,34022.1
33523.7,33588.3
33523.7,33523.7
33523.7,34444
33523.7,33871.4
33523.7,33523.7
33523.7,33936.4
33523.7,34629.3
33523.7,33523.7
33523.7,33523.7
33523.7,33523.7
33523.7,34084.3
33523.7,33523.7
33523.7,35943.7
33523.7,33979.4
33523.7,33523.7
33523.7,34196.7
33523.7,33523.7
33523.7,33523.7
33523.7,34016.4
33523.7,34800.8
33523.7,34736.4
33523.7,35066
33523.7,34814
33523.7,34173.2
33523.7,33523.7
33523.7,33523.7
33523.7,35071
33523.7,34544.1
33523.7,33523.7
33523.7,33523.7
33523.7,33523.7
33523.7,33523.7
33523.7,34795
33523.7,33523.7
33523.7,34211.3
33523.7,34277.2
33523.7,33936.4
33523.7,34705.1
33523.7,34921.9
33523.7,33523.7
33523.7,33523.7
33523.7,33523.7
33523.7,33523.7
33523.7,34745.7
33523.7,34781
33523.7,33837.4
33523.7,33523.7
33523.7,33523.7
33523.7,35273.7
33523.7,34336.6
33523.7,33523.7
33523.7,33555.3
33523.7,33523.7
33523.7,33627.8
33523.7,33523.7
33523.7,33523.7
33523.7,34814
33523.7,33523.7
33523.7,34921.9
33523.7,34637.4
33523.7,34260.7
33523.7,35504.2
33523.7,33523.7
33523.7,33523.7
33523.7,34418.1
33523.7,33523.7
33523.7,33523.7
33523.7,34047.2
33523.7,33523.7
33523.7,33523.7
33523.7,33523.7
33523.7,33523.7
33523.7,34173.2
33523.7,33523.7
33523.7,35393.4
33523.7,35348.5
33523.7,33753.4
33523.7,33523.7
33523.7,35163.9
33523.7,34114.9
33523.7,33523.7
33523.7,35412.1
33523.7,33523.7
33523.7,33523.7
33523.7,34193.3
33523.7,33875.8
33523.7,36106.1
33523.7,33523.7
33523.7,35212.5
33523.7,33523.7
33523.7,33772.1
33523.7,34716.7
33523.7,33523.7
33523.7,34509
33523.7,33523.7
33523.7,34656
33523.7,34242.8
33523.7,33523.7
33523.7,33523.7
33523.7,34114.9
33523.7,33523.7
33523.7,34873.8
33523.7,34790.3
33523.7,33753.4
33523.7,34132.3
33523.7,33523.7
33523.7,33523.7
33523.7,34149.4
33523.7,33523.7
33523.7,33555.3
33523.7,34839.2
33523.7,33523.7
33523.7,33523.7
33523.7,34945.6
33523.7,34047.2
33523.7,33523.7
33523.7,33523.7
33523.7,33588.3
33523.7,34088.1
33523.7,33555.3
33523.7,34189.4
33523.7,33523.7
33523.7,34629.3
33523.7,34114.9
33523.7,33588.3
33523.7,33523.7
33523.7,33523.7
33523.7,34628.9
33523.7,34746.5
33523.7,33523.7
33523.7,35020
33523.7,34153.2
33523.7,33523.7
33523.7,33523.7
33523.7,34538.1
33523.7,34190.8
33523.7,35409.1
33523.7,34790.3
33523.7,34938.9
33523.7,34704.5
33523.7,33523.7
33523.7,33523.7
33523.7,33555.3
33523.7,34539
33523.7,33523.7
33523.7,33523.7
33523.7,34309
33523.7,33607.7
33523.7,33600.6
33523.7,34022.1
33523.7,33523.7
33523.7,33523.7
33523.7,34089
33523.7,35786.7
33523.7,35095.7
33523.7,33523.7
33523.7,33716.6
33523.7,33523.7
33523.7,34193
33523.7,34165.4
33523.7,35384
33523.7,35451.3
33523.7,33523.7
33523.7,35121.5
33523.7,33852.4
33523.7,36619.4
33523.7,35517
33523.7,33523.7
33523.7,34715.3
33523.7,33844.9
33523.7,34470.8
33523.7,33523.7
33523.7,33523.7
33523.7,34461.6
33523.7,33831.7
33523.7,33979.4
33523.7,33523.7
33523.7,33979.4
33523.7,36895.3
33523.7,34713.2
33523.7,33523.7
33523.7,34089
33523.7,33523.7
33523.7,33523.7
33523.7,33523.7
33523.7,34083.5
33523.7,34115.2
33523.7,33523.7
33523.7,33523.7
33523.7,33627.8
33523.7,33523.7
33523.7,33588.3
33523.7,33952.7
33523.7,34022.1
33523.7,33523.7
33523.7,34042.4
33523.7,34704.9
33523.7,33701.3
33523.7,35304.4
33523.7,34211.2
33523.7,33523.7
33523.7,33523.7
33523.7,34795
33523.7,33523.7
33523.7,34066.3
33523.7,33831.7
33523.7,33523.7
33523.7,34454.4
33523.7,34189.4
33523.7,34022.6
33523.7,33523.7
33523.7,34513
33523.7,33523.7
33523.7,34491.6
33523.7,34452
33523.7,34270.7
33523.7,34538.1
33523.7,33523.7
33523.7,33956.5
33523.7,33883.6
33523.7,34729.6
33523.7,35268.4
33523.7,33523.7
33523.7,33523.7
33523.7,34868.1
33523.7,33523.7
33523.7,34084.3
33523.7,34193.3
33523.7,33523.7
33523.7,33956.5
33523.7,34861.9
33523.7,35792.4
33523.7,34098.2
33523.7,33627.8
33523.7,35229.1
33523.7,34470.8
33523.7,34193
33523.7,34545.3
33523.7,33523.7
33523.7,34706.4
33523.7,33523.7
33523.7,33600.6
33523.7,33523.7
33523.7,35391.1
33523.7,34489.9
33523.7,33523.7
33523.7,34084.3
33523.7,34545.3
33523.7,33523.7
33523.7,33555.3
33523.7,33523.7
33523.7,33523.7
33523.7,34623.3
33523.7,34204.9
33523.7,33523.7
33523.7,34427
33523.7,34999.3
33523.7,35515.3
33523.7,35224.8
33523.7,33607.7
33523.7,33984.9
33523.7,33523.7
33523.7,33523.7
33523.7,33523.7
33523.7,34089
33523.7,33523.7
33523.7,34967.8
33523.7,34695.8
33523.7,33523.7
33523.7,33523.7
33523.7,34066.3
33523.7,33875.8
33523.7,33523.7
33523.7,34170.4
33523.7,33523.7
33523.7,33523.7
33523.7,34089
33523.7,36712.4
33523.7,33607.7
33523.7,33523.7
33523.7,34098.2
33523.7,34976.2
33523.7,33523.7
33523.7,33875.8
33523.7,34692.5
33523.7,35251.7
33523.7,33523.7
33523.7,34238.3
33523.7,33523.7
33523.7,33523.7
33523.7,34372.5
33523.7,33979.4
33523.7,34204.9
33523.7,34098.2
33523.7,33627.8
33523.7,34418.4
33523.7,33523.7
33523.7,34089
33523.7,33984.9
33523.7,34089
33523.7,35002.6
33523.7,33523.7
33523.7,33523.7
33523.7,34068.8
33523.7,34089
33523.7,35812.1
33523.7,33523.7
33523.7,33523.7
33523.7,33523.7
33523.7,34538.1
33523.7,33899
33523.7,33523.7
33523.7,34047.2
33523.7,33523.7
33523.7,33523.7
33523.7,33523.7
33523.7,33753.4
33523.7,33555.3
33523.7,33523.7
33523.7,34115.2
33523.7,33523.7
33523.7,33523.7
33523.7,34538.1
33523.7,33523.7
33523.7,34699.2
33523.7,33523.7
33523.7,33523.7
33523.7,33523.7
33523.7,34328.1
33523.7,33588.3
33523.7,34089
33523.7,34440.2
33523.7,33523.7
33523.7,33523.7
33523.7,34306.6
33523.7,35002.6
33523.7,35070.2
33523.7,33523.7
33523.7,33523.7
33523.7,33523.7
33523.7,33523.7
33523.7,33523.7
33523.7,33883.6
33523.7,34098.2
33523.7,35328.7
33523.7,33523.7
33523.7,34238.3
33523.7,33791.1
33523.7,33523.7
33523.7,35461.4
33523.7,34489.9
33523.7,34246.8
33523.7,35205.1
33523.7,34076.6
33523.7,33555.3
33523.7,33523.7
33523.7,33523.7
33523.7,34647.2
33523.7,33523.7
33523.7,33523.7
33523.7,34333.1
33523.7,33523.7
33523.7,34360
33523.7,34327.4
33523.7,33852.4
33523.7,35240.1
33523.7,33627.8
33523.7,34114.9
33523.7,35247.6
33523.7,34902.6
33523.7,34575.2
33523.7,33523.7
33523.7,35483.6
33523.7,34190.8
33523.7,33523.7
33523.7,35345.1
33523.7,33523.7
33523.7,33523.7
33523.7,33523.7
33523.7,33984.9
33523.7,34084.3
33523.7,36280.7
33523.7,35523
33523.7,33523.7
33523.7,35342.9
33523.7,34540.3
33523.7,34333.1
33523.7,34243.8
33523.7,33984.9
33523.7,33523.7
33523.7,34360
33523.7,34277.2
33523.7,34418.4
33523.7,33753.4
33523.7,33523.7
33523.7,34314.7
33523.7,33984.9
33523.7,33555.3
33523.7,33627.8
33523.7,33523.7
33523.7,34981.9
33523.7,33627.8
33523.7,33523.7
33523.7,35429.3
33523.7,36172.9
33523.7,34047.2
33523.7,33917.1
33523.7,34489.9
33523.7,34020.2
33523.7,34859
33523.7,34120.5
33523.7,34999.3
33523.7,33523.7
33523.7,33875.8
33523.7,34163
33523.7,34470.8
33523.7,34470.8
33523.7,34233.7
33523.7,34333.1
33523.7,34223.9
33523.7,34826.1
33523.7,34512.2
33523.7,34082.3
33523.7,34204.9
33523.7,34769.3
33523.7,33523.7
33523.7,34861.7
33523.7,34089
33523.7,34712.4
33523.7,34598.7
33523.7,33871.4
33523.7,35267
33523.7,33523.7
33523.7,34642.8
33523.7,33523.7
33523.7,34136.7
33523.7,35162.8
33523.7,35026
33523.7,33523.7
33523.7,34301.1
33523.7,33523.7
33523.7,33523.7
33523.7,34082.3
33523.7,34779.1
33523.7,34089
33523.7,33523.7
33523.7,33523.7
33523.7,34082.3
33523.7,34327.4
33523.7,34089
33523.7,34345.1
33523.7,33588.3
33523.7,34170.4
33523.7,34588.3
33523.7,33523.7
33523.7,34115.2
33523.7,34329.9
33523.7,33523.7
33523.7,35023
33523.7,37050.3
33523.7,34042.4
33523.7,34243.4
33523.7,34999
33523.7,33523.7
33523.7,34648.6
33523.7,33523.7
33523.7,34339.3
33523.7,35483.9
33523.7,34153.2
33523.7,33523.7
33523.7,33523.7
33523.7,36462.3
33523.7,34746.5
33523.7,33523.7
33523.7,34923.4
33523.7,35003.3
33523.7,35166.5
33523.7,34089
33523.7,33523.7
33523.7,34089
33523.7,33619.9
33523.7,33523.7
33523.7,33523.7
33523.7,34532
33523.7,35414.2
33523.7,34082.3
33523.7,33523.7
33523.7,33883.6
33523.7,34932.7
33523.7,34790.3
33523.7,35020
33523.7,34047.2
33523.7,33523.7
33523.7,33523.7
33523.7,35375.6
33523.7,35450.7
33523.7,34788.9
33523.7,33523.7
33523.7,33523.7
33523.7,34068.8
33523.7,33523.7
33523.7,33523.7
33523.7,33957.4
33523.7,33523.7
33523.7,35272.3
33523.7,34576.6
33523.7,33523.7
33523.7,34826.1
33523.7,35128.7
33523.7,34406
33523.7,34538.1
33523.7,33588.3
33523.7,33523.7
33523.7,34533
33523.7,35452.1
33523.7,34769.3
33523.7,35510.1
33523.7,35038.8
33523.7,33607.7
33523.7,34538.1
33523.7,33523.7
33523.7,33523.7
33523.7,34352.3
33523.7,34533.1
33523.7,33523.7
33523.7,34066.9
33523.7,33701.3
33523.7,34170.4
33523.7,34089
33523.7,34526.9
33523.7,34470.8
33523.7,35247.6
33523.7,35071
33523.7,33523.7
33523.7,33791.1
33523.7,35226.9
33523.7,33523.7
33523.7,34447.1
33523.7,34538.1
33523.7,33555.3
33523.7,34153.2
33523.7,33523.7
33523.7,34066.9
33523.7,34661.8
33523.7,34790.3
33523.7,35429.3
33523.7,33523.7
33523.7,35079.8
33523.7,36085.2
33523.7,34858.5
33523.7,34388.7
33523.7,35683.4
33523.7,34588.3
33523.7,33523.7
33523.7,33523.7
33523.7,33523.7
33523.7,34571.1
33523.7,33701.3
33523.7,33523.7
33523.7,35249.8
33523.7,33523.7
33523.7,35718.9
33523.7,34886
33523.7,34058.9
33523.7,35423.5
33523.7,33875.8
33523.7,33523.7
33523.7,34910.7
33523.7,33523.7
33523.7,35329.4
33523.7,35162.8
33523.7,35125.4
33523.7,36389.7
33523.7,35023
33523.7,34089
33523.7,33753.4
33523.7,35647.8
33523.7,34294.6
33523.7,33523.7
33523.7,33523.7
33523.7,34886
33523.7,34831.5
33523.7,33523.7
33523.7,34098.2
33523.7,34190.8
33523.7,33627.8
33523.7,33523.7
33523.7,33523.7
33523.7,35526.3
33523.7,34699.2
33523.7,33523.7
33523.7,33523.7
33523.7,33523.7
33523.7,33523.7
33523.7,34489.9
33523.7,35624
33523.7,34282.5
33523.7,35365.8
33523.7,33555.3
33523.7,35225.9
33523.7,33555.3
33523.7,34928.3
33523.7,33523.7
33523.7,33523.7
33523.7,35038.8
33523.7,34919.8
33523.7,34089
33523.7,35389.7
33523.7,35731.2
33523.7,34730.4
33523.7,33523.7
33523.7,34579.5
33523.7,34652.5
33523.7,34084.3
33523.7,33523.7
33523.7,33523.7
33523.7,33523.7
33523.7,33555.3
33523.7,34084.3
33523.7,33523.7
33523.7,33523.7
33523.7,33984.9
33523.7,33523.7
33523.7,33523.7
33523.7,36070.2
33523.7,35722.1
33523.7,34211.2
33523.7,33844.9
33523.7,33523.7
33523.7,34184.8
33523.7,34114.8
33523.7,33555.3
33523.7,34545.3
33523.7,33523.7
33523.7,33523.7
33523.7,33523.7
33523.7,33523.7
33523.7,35196.9
33523.7,34339.3
33523.7,36389.7
33523.7,33523.7
33523.7,34016.4
33523.7,35350.3
33523.7,34588.3
33523.7,34170.4
33523.7,34793.2
33523.7,33523.7
33523.7,33523.7
33523.7,33857.5
33523.7,33523.7
33523.7,34586.3
33523.7,34066.3
33523.7,33555.3
33523.7,33523.7
33523.7,34089
33523.7,33523.7
33523.7,35231
33523.7,35167
33523.7,33979.4
33523.7,34571.1
33523.7,33523.7
33523.7,33523.7
33523.7,34418.4
33523.7,35007.9
33523.7,34089
33523.7,34114.9
33523.7,33523.7
33523.7,35359.6
33523.7,33555.3
33523.7,33523.7
33523.7,33523.7
33523.7,34646.6
33523.7,34539
33523.7,33523.7
33523.7,35679
33523.7,33555.3
33523.7,34462.5
33523.7,34487.9
33523.7,33523.7
33523.7,34426.3
33523.7,34826.1
33523.7,33523.7
33523.7,35155.3
33523.7,33523.7
33523.7,34388.7
33523.7,34242.8
33523.7,34066.3
33523.7,33955.8
33523.7,36028.3
33523.7,34602.2
33523.7,34987.9
33523.7,35941.8
33523.7,33523.7
33523.7,33523.7
33523.7,35825.1
33523.7,33523.7
33523.7,34526.9
33523.7,33627.8
33523.7,34066.9
33523.7,33523.7
33523.7,33523.7
33523.7,33523.7
33523.7,35369.3
33523.7,33523.7
33523.7,33555.3
33523.7,34089
33523.7,33523.7
33523.7,35255.7
33523.7,33523.7
33523.7,33523.7
33523.7,33523.7
33523.7,34928.3
33523.7,33523.7
33523.7,36085.2
33523.7,34084.3
33523.7,34734.7
33523.7,33627.8
33523.7,34704.6
33523.7,34372.5
33523.7,34204.9
33523.7,34360
33523.7,34097.9
33523.7,33523.7
33523.7,34115.2
33523.7,35131.8
33523.7,35161.1
33523.7,34542.8
33523.7,34579.5
33523.7,33523.7
33523.7,33523.7
33523.7,33523.7
33523.7,33523.7
33523.7,33523.7
33523.7,33523.7
33523.7,33871.4
33523.7,33523.7
33523.7,33523.7
33523.7,33523.7
33523.7,33555.3
33523.7,33523.7
33523.7,34698
33523.7,33523.7
33523.7,33555.3
33523.7,33523.7
33523.7,34066.9
33523.7,34886
33523.7,34410.7
33523.7,34571.1
33523.7,33523.7
33523.7,33523.7
33523.7,34831.5
33523.7,35902.9
33523.7,33523.7
33523.7,33523.7
33523.7,33523.7
33523.7,34388.7
33523.7,33555.3
33523.7,34163
33523.7,33627.8
33523.7,34788.9
33523.7,33523.7
33523.7,34066.9
33523.7,33555.3
33523.7,33523.7
33523.7,34226.5
33523.7,34204.9
33523.7,34910.7
33523.7,33844.9
33523.7,33523.7
33523.7,33523.7
33523.7,35188.3
33523.7,33555.3
33523.7,35226.6
33523.7,35585.5
33523.7,35456.4
33523.7,33523.7
33523.7,34647.2
33523.7,33523.7
33523.7,35786.7
33523.7,33523.7
33523.7,34418.4
33523.7,34083.9
33523.7,34020.2
33523.7,33523.7
33523.7,33523.7
33523.7,33523.7
33523.7,33523.7
33523.7,33523.7
33523.7,33523.7
33523.7,33523.7
33523.7,34372.5
33523.7,33523.7
33523.7,34328.1
33523.7,34047.2
33523.7,33523.7
33523.7,33523.7
33523.7,34781
33523.7,34699.2
33523.7,33555.3
33523.7,33523.7
33523.7,33523.7
33523.7,33523.7
33523.7,33523.7
33523.7,34114.9
33523.7,33883.6
33523.7,33523.7
33523.7,33523.7
33523.7,35225.2
33523.7,35183.5
33523.7,36210.8
33523.7,34564.9
33523.7,33523.7
33523.7,33523.7
33523.7,34406
33523.7,33523.7
33523.7,33523.7
33523.7,34089
33523.7,33523.7
33523.7,34098.2
33523.7,33523.7
33523.7,35255.5
33523.7,37866
33523.7,34114.9
33523.7,34089
33523.7,36533.3
33523.7,34345.1
33523.7,34089
33523.7,33523.7
33523.7,33523.7
33523.7,34114.5
33523.7,34333.1
33523.7,35580.2
33523.7,33955.8
33523.7,33523.7
33523.7,33523.7
33523.7,33523.7
33523.7,35321.6
33523.7,34561.3
33523.7,33523.7
33523.7,33523.7
33523.7,34962.1
33523.7,34114.8
33523.7,35196.9
33523.7,34233.1
33523.7,34120.5
33523.7,34115.2
33523.7,33523.7
33523.7,33523.7
33523.7,33791.1
33523.7,33844.9
33523.7,33523.7
33523.7,34826.1
33523.7,33523.7
33523.7,34345.1
33523.7,33555.3
33523.7,34306.6
33523.7,35352.1
33523.7,34333.1
33523.7,33523.7
33523.7,33523.7
33523.7,33523.7
33523.7,33523.7
33523.7,33979.4
33523.7,33523.7
33523.7,33984.9
33523.7,33607.7
33523.7,34980.2
33523.7,33523.7
33523.7,33984.9
33523.7,34579.5
33523.7,33523.7
33523.7,34934.7
33523.7,35528.9
33523.7,35457.2
33523.7,35405.4
33523.7,33523.7
33523.7,34089
33523.7,35638.2
33523.7,33607.7
33523.7,33523.7
33523.7,33523.7
33523.7,33555.3
33523.7,33523.7
33523.7,35668.9
33523.7,33523.7
33523.7,33984.9
33523.7,34098.2
33523.7,34538.1
33523.7,33523.7
33523.7,33555.3
33523.7,33523.7
33523.7,33523.7
33523.7,34339.3
33523.7,33979.4
33523.7,33523.7
33523.7,33523.7
33523.7,34928.3
33523.7,36077.2
33523.7,33857.5
33523.7,33523.7
33523.7,35170.5
33523.7,33607.7
33523.7,34769.3
33523.7,33523.7
33523.7,34588.3
33523.7,33523.7
33523.7,34410.7
33523.7,34089
33523.7,35837.7
33523.7,35002.6
33523.7,33984.9
33523.7,34803.3
33523.7,34204.9
33523.7,34831.5
33523.7,34695.8
33523.7,33627.8
33523.7,34089
33523.7,33955.8
33523.7,34875.7
33523.7,33523.7
33523.7,35647.3
33523.7,33523.7
33523.7,35167
33523.7,34629.3
33523.7,33555.3
33523.7,34836.4
33523.7,34372.5
33523.7,33523.7
33523.7,33523.7
33523.7,35616.1
33523.7,33555.3
33523.7,35002.7
33523.7,33523.7
33523.7,35383.7
33523.7,33523.7
33523.7,33627.8
33523.7,33523.7
33523.7,33523.7
33523.7,33523.7
33523.7,33607.7
33523.7,33523.7
33523.7,35083
33523.7,33523.7
33523.7,33523.7
33523.7,34487.9
33523.7,33523.7
33523.7,34826.1
33523.7,35862.2
33523.7,34571.1
33523.7,33523.7
33523.7,34170.4
33523.7,34699.2
33523.7,33844.9
33523.7,35029.5
33523.7,34451.5
33523.7,35455.2
33523.7,33715.3
33523.7,33523.7
33523.7,34704.5
33523.7,33627.8
33523.7,33772.1
33523.7,35131.7
33523.7,34210.5
33523.7,33523.7
33523.7,34470.8
33523.7,34539
33523.7,33523.7
33523.7,34461.6
33523.7,34089
33523.7,33555.3
33523.7,33523.7
33523.7,34115.2
33523.7,33555.3
33523.7,33523.7
33523.7,33523.7
33523.7,34150.3
33523.7,33523.7
33523.7,33523.7
33523.7,35026
33523.7,33523.7
33523.7,34211.2
33523.7,34538.1
33523.7,33523.7
33523.7,35170.5
33523.7,34388.7
33523.7,33523.7
33523.7,33600.6
33523.7,36123.5
33523.7,34238.3
33523.7,33555.3
33523.7,35099.7
33523.7,33984.9
33523.7,35166.5
33523.7,33984.9
33523.7,34089
33523.7,33523.7
33523.7,34344.8
33523.7,34788.9
33523.7,35483.6
33523.7,33523.7
33523.7,34314
33523.7,35722.1
33523.7,33523.7
33523.7,35251.4
33523.7,33523.7
33523.7,33753.4
33523.7,33627.8
33523.7,33523.7
33523.7,34388.7
33523.7,33523.7
33523.7,35577.1
33523.7,34470.8
33523.7,34824.9
33523.7,34345.1
33523.7,33523.7
33523.7,34790.3
33523.7,34408.1
33523.7,33523.7
33523.7,33523.7
33523.7,33523.7
33523.7,33632.1
33523.7,33523.7
33523.7,34427
33523.7,34686.3
33523.7,34470.8
33523.7,35212.6
33523.7,33523.7
33523.7,33523.7
33523.7,33523.7
33523.7,33523.7
33523.7,33523.7
33523.7,33523.7
33523.7,33523.7
33523.7,34166.9
33523.7,33523.7
33523.7,34170.4
33523.7,33523.7
33523.7,35209.9
33523.7,34513
33523.7,34489.9
33523.7,34047.2
33523.7,34066.9
33523.7,34763.6
33523.7,33555.3
33523.7,33523.7
33523.7,33523.7
33523.7,33523.7
33523.7,33607.7
33523.7,33523.7
33523.7,35552.4
33523.7,34089
33523.7,34462.5
33523.7,33627.8
33523.7,33523.7
33523.7,33523.7
33523.7,34790.3
33523.7,33523.7
33523.7,35490.1
33523.7,33607.7
33523.7,33523.7
33523.7,34098.2
33523.7,33523.7
33523.7,34211.2
33523.7,33523.7
33523.7,33523.7
33523.7,33523.7
33523.7,34173.2
33523.7,33523.7
33523.7,33523.7
33523.7,35880.9
33523.7,33523.7
33523.7,33523.7
33523.7,34964
33523.7,34098.2
33523.7,33523.7
33523.7,34737.5
33523.7,33523.7
33523.7,33523.7
33523.7,33523.7
33523.7,35672.2
33523.7,33523.7
33523.7,34089
33523.7,34089
33523.7,35023
33523.7,34089
33523.7,33772.1
33523.7,35718.9
33523.7,33523.7
33523.7,34089
33523.7,33523.7
33523.7,34781
33523.7,33523.7
33523.7,35589.2
33523.7,33523.7
33523.7,33956.5
33523.7,34089
33523.7,33523.7
33523.7,33523.7
33523.7,34282.5
33523.7,34536.3
33523.7,34406
33523.7,34728.2
33523.7,36486.5
33523.7,35266.4
33523.7,34189.4
33523.7,33523.7
33523.7,33906.1
33523.7,33523.7
33523.7,35025.1
33523.7,33523.7
33523.7,33523.7
33523.7,35020.7
33523.7,33523.7
33523.7,33523.7
33523.7,33523.7
33523.7,35038.8
33523.7,33523.7
33523.7,33523.7
33523.7,34328.1
33523.7,34831.5
33523.7,33523.7
33523.7,34016.4
33523.7,33555.3
33523.7,33523.7
33523.7,35196.9
33523.7,33523.7
33523.7,33523.7
33523.7,33852.4
33523.7,33523.7
33523.7,34117.8
33523.7,33523.7
33523.7,34588.3
33523.7,34115.2
33523.7,35532.8
33523.7,34638
33523.7,34802.8
33523.7,33523.7
33523.7,33588.3
33523.7,33523.7
33523.7,35196.9
33523.7,34826.1
33523.7,33523.7
33523.7,34139.8
33523.7,33523.7
33523.7,34089
33523.7,36613.4
33523.7,34211.2
33523.7,33523.7
33523.7,33523.7
33523.7,36085.2
33523.7,33523.7
33523.7,34985.8
33523.7,33523.7
33523.7,34426.3
33523.7,34089
33523.7,33523.7
33523.7,34470.8
33523.7,33523.7
33523.7,33523.7
33523.7,34016.4
33523.7,33979.4
33523.7,33523.7
33523.7,33523.7
33523.7,34114.8
33523.7,34784.8
33523.7,34097.6
33523.7,33523.7
33523.7,33523.7
33523.7,33523.7
33523.7,34089
33523.7,33523.7
33523.7,33984.9
33523.7,35249.8
33523.7,33523.7
